<?xml version="1.0" encoding="zh_CN.UTF-8"?>
<opencv_storage>
<Frame00000TargetNumber>4.</Frame00000TargetNumber>
<Frame00000Target00000>
  <Type>"白色实线"</Type>
  <Position type_id="opencv-matrix">
    <rows>20</rows>
    <cols>1</cols>
    <dt>"2i"</dt>
    <data>
      2 520 33 510 63 500 94 490 125 480 156 470 187 460 217 450 248 440
      279 430 310 420 341 410 371 400 402 390 433 380 464 370 495 360
      525 350 556 340 587 330</data></Position></Frame00000Target00000>
<Frame00000Target00001>
  <Type>"白色虚线"</Type>
  <Position type_id="opencv-matrix">
    <rows>20</rows>
    <cols>1</cols>
    <dt>"2i"</dt>
    <data>
      0 941 32 910 65 879 98 848 130 817 163 786 195 755 228 724 260 693
      293 662 326 631 358 600 391 569 423 538 456 507 489 476 521 445
      554 414 586 383 619 352</data></Position></Frame00000Target00001>
<Frame00000Target00002>
  <Type>"白色虚线"</Type>
  <Position type_id="opencv-matrix">
    <rows>20</rows>
    <cols>1</cols>
    <dt>"2i"</dt>
    <data>
      1279 998 1251 964 1222 930 1194 896 1166 862 1137 828 1109 794
      1081 760 1052 726 1024 692 996 658 968 624 939 590 911 556 883 522
      854 488 826 454 798 420 770 386 741 352</data></Position></Frame00000Target00002>
<Frame00000Target00003>
  <Type>"白色实线"</Type>
  <Position type_id="opencv-matrix">
    <rows>20</rows>
    <cols>1</cols>
    <dt>"2i"</dt>
    <data>
      1278 496 1255 487 1232 478 1209 469 1187 460 1164 451 1141 442
      1118 433 1095 424 1072 415 1049 406 1026 397 1003 388 981 379 958
      370 935 361 912 352 889 343 866 334 843 325</data></Position></Frame00000Target00003>
<Frame00001TargetNumber>4.</Frame00001TargetNumber>
<Frame00001Target00000>
  <Type>"白色实线"</Type>
  <Position type_id="opencv-matrix">
    <rows>20</rows>
    <cols>1</cols>
    <dt>"2i"</dt>
    <data>
      2 509 33 499 65 489 96 479 127 469 159 459 190 449 221 439 253 429
      284 419 315 409 347 399 378 389 409 379 441 369 472 359 503 349
      535 339 566 329 597 319</data></Position></Frame00001Target00000>
<Frame00001Target00001>
  <Type>"白色虚线"</Type>
  <Position type_id="opencv-matrix">
    <rows>20</rows>
    <cols>1</cols>
    <dt>"2i"</dt>
    <data>
      0 926 32 896 63 866 95 836 127 806 159 776 191 746 223 716 255 686
      286 656 318 626 350 596 382 566 414 536 446 506 478 476 509 446
      541 416 573 386 605 356</data></Position></Frame00001Target00001>
<Frame00001Target00002>
  <Type>"白色虚线"</Type>
  <Position type_id="opencv-matrix">
    <rows>20</rows>
    <cols>1</cols>
    <dt>"2i"</dt>
    <data>
      1279 992 1251 958 1222 924 1194 890 1166 856 1138 822 1110 788
      1082 754 1053 720 1025 686 997 652 969 618 941 584 913 550 884 516
      856 482 828 448 800 414 772 380 744 346</data></Position></Frame00001Target00002>
<Frame00001Target00003>
  <Type>"白色实线"</Type>
  <Position type_id="opencv-matrix">
    <rows>20</rows>
    <cols>1</cols>
    <dt>"2i"</dt>
    <data>
      1278 488 1255 479 1233 470 1210 461 1187 452 1164 443 1141 434
      1118 425 1096 416 1073 407 1050 398 1027 389 1004 380 981 371 959
      362 936 353 913 344 890 335 867 326 844 317</data></Position></Frame00001Target00003>
<Frame00002TargetNumber>4.</Frame00002TargetNumber>
<Frame00002Target00000>
  <Type>"白色实线"</Type>
  <Position type_id="opencv-matrix">
    <rows>20</rows>
    <cols>1</cols>
    <dt>"2i"</dt>
    <data>
      0 508 32 498 63 488 95 478 126 468 158 458 189 448 221 438 252 428
      284 418 315 408 347 398 378 388 410 378 441 368 473 358 504 348
      536 338 567 328 599 318</data></Position></Frame00002Target00000>
<Frame00002Target00001>
  <Type>"白色虚线"</Type>
  <Position type_id="opencv-matrix">
    <rows>20</rows>
    <cols>1</cols>
    <dt>"2i"</dt>
    <data>
      0 904 33 875 65 846 97 817 129 788 161 759 194 730 226 701 258 672
      290 643 322 614 355 585 387 556 419 527 451 498 483 469 515 440
      548 411 580 382 612 353</data></Position></Frame00002Target00001>
<Frame00002Target00002>
  <Type>"白色虚线"</Type>
  <Position type_id="opencv-matrix">
    <rows>20</rows>
    <cols>1</cols>
    <dt>"2i"</dt>
    <data>
      1279 1011 1251 976 1223 941 1195 906 1166 871 1138 836 1110 801
      1082 766 1054 731 1026 696 998 661 969 626 941 591 913 556 885 521
      857 486 829 451 801 416 772 381 744 346</data></Position></Frame00002Target00002>
<Frame00002Target00003>
  <Type>"白色实线"</Type>
  <Position type_id="opencv-matrix">
    <rows>20</rows>
    <cols>1</cols>
    <dt>"2i"</dt>
    <data>
      1279 475 1259 467 1238 459 1217 451 1197 443 1176 435 1156 427
      1135 419 1114 411 1094 403 1073 395 1052 387 1032 379 1011 371 991
      363 970 355 949 347 929 339 908 331 887 323</data></Position></Frame00002Target00003>
<Frame00003TargetNumber>4.</Frame00003TargetNumber>
<Frame00003Target00000>
  <Type>"白色实线"</Type>
  <Position type_id="opencv-matrix">
    <rows>20</rows>
    <cols>1</cols>
    <dt>"2i"</dt>
    <data>
      0 510 33 500 65 490 98 480 130 470 163 460 196 450 228 440 261 430
      293 420 326 410 359 400 391 390 424 380 457 370 489 360 522 350
      554 340 587 330 620 320</data></Position></Frame00003Target00000>
<Frame00003Target00001>
  <Type>"白色虚线"</Type>
  <Position type_id="opencv-matrix">
    <rows>20</rows>
    <cols>1</cols>
    <dt>"2i"</dt>
    <data>
      0 884 33 856 66 828 99 800 132 772 165 744 198 716 231 688 264 660
      298 632 331 604 364 576 397 548 430 520 463 492 496 464 529 436
      562 408 595 380 628 352</data></Position></Frame00003Target00001>
<Frame00003Target00002>
  <Type>"白色虚线"</Type>
  <Position type_id="opencv-matrix">
    <rows>20</rows>
    <cols>1</cols>
    <dt>"2i"</dt>
    <data>
      1255 1024 1227 989 1200 954 1172 919 1144 884 1117 849 1089 814
      1061 779 1034 744 1006 709 978 674 951 639 923 604 895 569 868 534
      840 499 813 464 785 429 757 394 730 359</data></Position></Frame00003Target00002>
<Frame00003Target00003>
  <Type>"白色实线"</Type>
  <Position type_id="opencv-matrix">
    <rows>20</rows>
    <cols>1</cols>
    <dt>"2i"</dt>
    <data>
      1277 507 1256 498 1235 489 1214 480 1192 471 1171 462 1150 453
      1129 444 1107 435 1086 426 1065 417 1044 408 1022 399 1001 390 980
      381 959 372 937 363 916 354 895 345 874 336</data></Position></Frame00003Target00003>
<Frame00004TargetNumber>4.</Frame00004TargetNumber>
<Frame00004Target00000>
  <Type>"白色实线"</Type>
  <Position type_id="opencv-matrix">
    <rows>20</rows>
    <cols>1</cols>
    <dt>"2i"</dt>
    <data>
      1 510 34 500 67 490 99 480 132 470 165 460 198 450 230 440 263 430
      296 420 329 410 361 400 394 390 427 380 460 370 492 360 525 350
      558 340 591 330 624 320</data></Position></Frame00004Target00000>
<Frame00004Target00001>
  <Type>"白色虚线"</Type>
  <Position type_id="opencv-matrix">
    <rows>20</rows>
    <cols>1</cols>
    <dt>"2i"</dt>
    <data>
      0 880 33 852 67 824 100 796 133 768 166 740 199 712 233 684 266
      656 299 628 332 600 365 572 399 544 432 516 465 488 498 460 531
      432 565 404 598 376 631 348</data></Position></Frame00004Target00001>
<Frame00004Target00002>
  <Type>"白色虚线"</Type>
  <Position type_id="opencv-matrix">
    <rows>20</rows>
    <cols>1</cols>
    <dt>"2i"</dt>
    <data>
      1251 1024 1225 989 1199 954 1172 919 1146 884 1120 849 1094 814
      1067 779 1041 744 1015 709 989 674 962 639 936 604 910 569 884 534
      857 499 831 464 805 429 779 394 752 359</data></Position></Frame00004Target00002>
