<?xml version="1.0" encoding="zh_CN.UTF-8"?>
<opencv_storage>
<Frame00000TargetNumber>4.</Frame00000TargetNumber>
<Frame00000Target00000>
  <Type>"白色实线"</Type>
  <Position type_id="opencv-matrix">
    <rows>20</rows>
    <cols>1</cols>
    <dt>"2i"</dt>
    <data>
      0 524 30 514 61 504 91 494 122 484 152 474 183 464 213 454 243 444
      274 434 304 424 335 414 365 404 396 394 426 384 457 374 487 364
      518 354 548 344 578 334</data></Position></Frame00000Target00000>
<Frame00000Target00001>
  <Type>"白色虚线"</Type>
  <Position type_id="opencv-matrix">
    <rows>20</rows>
    <cols>1</cols>
    <dt>"2i"</dt>
    <data>
      138 1024 164 989 191 954 218 919 245 884 272 849 299 814 326 779
      353 744 379 709 406 674 433 639 460 604 487 569 514 534 541 499
      567 464 594 429 621 394 648 359</data></Position></Frame00000Target00001>
<Frame00000Target00002>
  <Type>"白色虚线"</Type>
  <Position type_id="opencv-matrix">
    <rows>20</rows>
    <cols>1</cols>
    <dt>"2i"</dt>
    <data>
      1279 772 1251 749 1223 726 1195 703 1167 680 1139 657 1111 634
      1083 611 1055 588 1026 565 998 542 970 519 942 496 914 473 886 450
      858 427 830 404 802 381 774 358 745 335</data></Position></Frame00000Target00002>
<Frame00000Target00003>
  <Type>"白色实线"</Type>
  <Position type_id="opencv-matrix">
    <rows>20</rows>
    <cols>1</cols>
    <dt>"2i"</dt>
    <data>
      1278 475 1252 467 1227 459 1202 451 1176 443 1151 435 1126 427
      1101 419 1075 411 1050 403 1025 395 999 387 974 379 949 371 923
      363 898 355 873 347 847 339 822 331 797 323</data></Position></Frame00000Target00003>
<Frame00001TargetNumber>4.</Frame00001TargetNumber>
<Frame00001Target00000>
  <Type>"白色实线"</Type>
  <Position type_id="opencv-matrix">
    <rows>20</rows>
    <cols>1</cols>
    <dt>"2i"</dt>
    <data>
      0 514 32 504 64 494 96 484 128 474 160 464 192 454 224 444 256 434
      288 424 320 414 352 404 384 394 416 384 448 374 480 364 512 354
      544 344 576 334 608 324</data></Position></Frame00001Target00000>
<Frame00001Target00001>
  <Type>"白色虚线"</Type>
  <Position type_id="opencv-matrix">
    <rows>20</rows>
    <cols>1</cols>
    <dt>"2i"</dt>
    <data>
      143 1024 170 989 196 954 223 919 249 884 275 849 302 814 328 779
      355 744 381 709 408 674 434 639 461 604 487 569 514 534 540 499
      566 464 593 429 619 394 646 359</data></Position></Frame00001Target00001>
<Frame00001Target00002>
  <Type>"白色虚线"</Type>
  <Position type_id="opencv-matrix">
    <rows>20</rows>
    <cols>1</cols>
    <dt>"2i"</dt>
    <data>
      1279 781 1252 758 1225 735 1198 712 1170 689 1143 666 1116 643
      1089 620 1061 597 1034 574 1007 551 980 528 953 505 925 482 898
      459 871 436 844 413 816 390 789 367 762 344</data></Position></Frame00001Target00002>
<Frame00001Target00003>
  <Type>"白色实线"</Type>
  <Position type_id="opencv-matrix">
    <rows>20</rows>
    <cols>1</cols>
    <dt>"2i"</dt>
    <data>
      1279 474 1254 466 1229 458 1205 450 1180 442 1155 434 1130 426
      1105 418 1080 410 1056 402 1031 394 1006 386 981 378 956 370 931
      362 906 354 882 346 857 338 832 330 807 322</data></Position></Frame00001Target00003>
<Frame00002TargetNumber>4.</Frame00002TargetNumber>
<Frame00002Target00000>
  <Type>"白色实线"</Type>
  <Position type_id="opencv-matrix">
    <rows>20</rows>
    <cols>1</cols>
    <dt>"2i"</dt>
    <data>
      2 519 33 509 64 499 95 489 126 479 157 469 188 459 219 449 250 439
      281 429 312 419 343 409 374 399 405 389 436 379 467 369 498 359
      529 349 560 339 591 329</data></Position></Frame00002Target00000>
<Frame00002Target00001>
  <Type>"白色虚线"</Type>
  <Position type_id="opencv-matrix">
    <rows>20</rows>
    <cols>1</cols>
    <dt>"2i"</dt>
    <data>
      143 1024 169 989 196 954 223 919 249 884 276 849 303 814 329 779
      356 744 383 709 410 674 436 639 463 604 490 569 516 534 543 499
      570 464 596 429 623 394 650 359</data></Position></Frame00002Target00001>
<Frame00002Target00002>
  <Type>"白色虚线"</Type>
  <Position type_id="opencv-matrix">
    <rows>20</rows>
    <cols>1</cols>
    <dt>"2i"</dt>
    <data>
      1278 767 1252 745 1225 723 1199 701 1172 679 1145 657 1119 635
      1092 613 1066 591 1039 569 1013 547 986 525 959 503 933 481 906
      459 880 437 853 415 827 393 800 371 773 349</data></Position></Frame00002Target00002>
<Frame00002Target00003>
  <Type>"白色实线"</Type>
  <Position type_id="opencv-matrix">
    <rows>20</rows>
    <cols>1</cols>
    <dt>"2i"</dt>
    <data>
      1279 470 1253 462 1228 454 1203 446 1178 438 1152 430 1127 422
      1102 414 1076 406 1051 398 1026 390 1001 382 975 374 950 366 925
      358 900 350 874 342 849 334 824 326 799 318</data></Position></Frame00002Target00003>
<Frame00003TargetNumber>4.</Frame00003TargetNumber>
<Frame00003Target00000>
  <Type>"白色实线"</Type>
  <Position type_id="opencv-matrix">
    <rows>20</rows>
    <cols>1</cols>
    <dt>"2i"</dt>
    <data>
      1 522 32 512 63 502 93 492 124 482 155 472 186 462 216 452 247 442
      278 432 308 422 339 412 370 402 400 392 431 382 462 372 492 362
      523 352 554 342 584 332</data></Position></Frame00003Target00000>
<Frame00003Target00001>
  <Type>"白色虚线"</Type>
  <Position type_id="opencv-matrix">
    <rows>20</rows>
    <cols>1</cols>
    <dt>"2i"</dt>
    <data>
      170 1024 195 989 220 954 246 919 271 884 296 849 321 814 347 779
      372 744 397 709 422 674 448 639 473 604 498 569 523 534 549 499
      574 464 599 429 624 394 650 359</data></Position></Frame00003Target00001>
<Frame00003Target00002>
  <Type>"白色虚线"</Type>
  <Position type_id="opencv-matrix">
    <rows>20</rows>
    <cols>1</cols>
    <dt>"2i"</dt>
    <data>
      1279 760 1252 738 1225 716 1197 694 1170 672 1143 650 1115 628
      1088 606 1061 584 1033 562 1006 540 979 518 951 496 924 474 897
      452 869 430 842 408 814 386 787 364 760 342</data></Position></Frame00003Target00002>
<Frame00003Target00003>
  <Type>"白色实线"</Type>
  <Position type_id="opencv-matrix">
    <rows>20</rows>
    <cols>1</cols>
    <dt>"2i"</dt>
    <data>
      1278 471 1253 463 1227 455 1202 447 1176 439 1150 431 1125 423
      1099 415 1074 407 1048 399 1022 391 997 383 971 375 945 367 920
      359 894 351 869 343 843 335 817 327 792 319</data></Position></Frame00003Target00003>
<Frame00004TargetNumber>4.</Frame00004TargetNumber>
<Frame00004Target00000>
  <Type>"白色实线"</Type>
  <Position type_id="opencv-matrix">
    <rows>20</rows>
    <cols>1</cols>
    <dt>"2i"</dt>
    <data>
      0 527 30 517 60 507 91 497 121 487 151 477 182 467 212 457 242 447
      272 437 303 427 333 417 363 407 394 397 424 387 454 377 485 367
      515 357 545 347 576 337</data></Position></Frame00004Target00000>
<Frame00004Target00001>
  <Type>"白色虚线"</Type>
  <Position type_id="opencv-matrix">
    <rows>20</rows>
    <cols>1</cols>
    <dt>"2i"</dt>
    <data>
      190 1024 214 989 239 954 263 919 288 884 312 849 337 814 361 779
      386 744 410 709 435 674 459 639 484 604 508 569 533 534 557 499
      582 464 606 429 631 394 655 359</data></Position></Frame00004Target00001>
<Frame00004Target00002>
  <Type>"白色虚线"</Type>
  <Position type_id="opencv-matrix">
    <rows>20</rows>
    <cols>1</cols>
    <dt>"2i"</dt>
    <data>
      1279 766 1251 744 1224 722 1197 700 1170 678 1143 656 1116 634
      1088 612 1061 590 1034 568 1007 546 980 524 953 502 925 480 898
      458 871 436 844 414 817 392 790 370 762 348</data></Position></Frame00004Target00002>
