<?xml version="1.0" encoding="zh_CN.UTF-8"?>
<opencv_storage>
<Frame00000TargetNumber>4.</Frame00000TargetNumber>
<Frame00000Target00000>
  <Type>"白色虚线"</Type>
  <Position type_id="opencv-matrix">
    <rows>20</rows>
    <cols>1</cols>
    <dt>"2i"</dt>
    <data>
      0 490 29 481 57 472 85 463 114 454 142 445 170 436 199 427 227 418
      255 409 284 400 312 391 340 382 369 373 397 364 425 355 454 346
      482 337 510 328 539 319</data></Position></Frame00000Target00000>
<Frame00000Target00001>
  <Type>"白色虚线"</Type>
  <Position type_id="opencv-matrix">
    <rows>20</rows>
    <cols>1</cols>
    <dt>"2i"</dt>
    <data>
      15 1024 47 989 79 954 111 919 142 884 174 849 206 814 238 779 269
      744 301 709 333 674 365 639 396 604 428 569 460 534 492 499 523
      464 555 429 587 394 619 359</data></Position></Frame00000Target00001>
<Frame00000Target00002>
  <Type>"白色虚线"</Type>
  <Position type_id="opencv-matrix">
    <rows>20</rows>
    <cols>1</cols>
    <dt>"2i"</dt>
    <data>
      1279 871 1250 843 1221 815 1192 787 1163 759 1134 731 1106 703
      1077 675 1048 647 1019 619 990 591 961 563 932 535 903 507 874 479
      845 451 816 423 787 395 758 367 729 339</data></Position></Frame00000Target00002>
<Frame00000Target00003>
  <Type>"白色实线"</Type>
  <Position type_id="opencv-matrix">
    <rows>20</rows>
    <cols>1</cols>
    <dt>"2i"</dt>
    <data>
      1278 478 1252 470 1225 462 1199 454 1173 446 1147 438 1121 430
      1095 422 1069 414 1043 406 1017 398 990 390 964 382 938 374 912
      366 886 358 860 350 834 342 808 334 781 326</data></Position></Frame00000Target00003>
<Frame00001TargetNumber>4.</Frame00001TargetNumber>
<Frame00001Target00000>
  <Type>"白色虚线"</Type>
  <Position type_id="opencv-matrix">
    <rows>20</rows>
    <cols>1</cols>
    <dt>"2i"</dt>
    <data>
      2 545 30 534 59 523 87 512 115 501 144 490 172 479 200 468 229 457
      257 446 285 435 314 424 342 413 370 402 399 391 427 380 456 369
      484 358 512 347 541 336</data></Position></Frame00001Target00000>
<Frame00001Target00001>
  <Type>"白色虚线"</Type>
  <Position type_id="opencv-matrix">
    <rows>20</rows>
    <cols>1</cols>
    <dt>"2i"</dt>
    <data>
      45 1024 75 989 105 954 135 919 165 884 195 849 225 814 256 779 286
      744 316 709 346 674 376 639 406 604 436 569 466 534 496 499 526
      464 556 429 586 394 616 359</data></Position></Frame00001Target00001>
<Frame00001Target00002>
  <Type>"白色虚线"</Type>
  <Position type_id="opencv-matrix">
    <rows>20</rows>
    <cols>1</cols>
    <dt>"2i"</dt>
    <data>
      1279 883 1250 855 1222 827 1194 799 1166 771 1138 743 1110 715
      1082 687 1054 659 1026 631 998 603 970 575 942 547 914 519 886 491
      858 463 830 435 802 407 773 379 745 351</data></Position></Frame00001Target00002>
<Frame00001Target00003>
  <Type>"白色虚线"</Type>
  <Position type_id="opencv-matrix">
    <rows>20</rows>
    <cols>1</cols>
    <dt>"2i"</dt>
    <data>
      1278 486 1253 478 1229 470 1205 462 1180 454 1156 446 1131 438
      1107 430 1083 422 1058 414 1034 406 1009 398 985 390 961 382 936
      374 912 366 887 358 863 350 839 342 814 334</data></Position></Frame00001Target00003>
<Frame00002TargetNumber>4.</Frame00002TargetNumber>
<Frame00002Target00000>
  <Type>"白色实线"</Type>
  <Position type_id="opencv-matrix">
    <rows>20</rows>
    <cols>1</cols>
    <dt>"2i"</dt>
    <data>
      1 540 31 529 60 518 90 507 120 496 149 485 179 474 209 463 238 452
      268 441 298 430 327 419 357 408 386 397 416 386 446 375 475 364
      505 353 535 342 564 331</data></Position></Frame00002Target00000>
<Frame00002Target00001>
  <Type>"白色虚线"</Type>
  <Position type_id="opencv-matrix">
    <rows>20</rows>
    <cols>1</cols>
    <dt>"2i"</dt>
    <data>
      31 1024 62 989 93 954 124 919 155 884 186 849 217 814 247 779 278
      744 309 709 340 674 371 639 402 604 433 569 463 534 494 499 525
      464 556 429 587 394 618 359</data></Position></Frame00002Target00001>
<Frame00002Target00002>
  <Type>"白色虚线"</Type>
  <Position type_id="opencv-matrix">
    <rows>20</rows>
    <cols>1</cols>
    <dt>"2i"</dt>
    <data>
      1279 917 1251 887 1223 857 1195 827 1167 797 1140 767 1112 737
      1084 707 1056 677 1028 647 1000 617 972 587 944 557 917 527 889
      497 861 467 833 437 805 407 777 377 749 347</data></Position></Frame00002Target00002>
<Frame00002Target00003>
  <Type>"白色虚线"</Type>
  <Position type_id="opencv-matrix">
    <rows>20</rows>
    <cols>1</cols>
    <dt>"2i"</dt>
    <data>
      1279 495 1253 486 1228 477 1202 468 1177 459 1151 450 1126 441
      1100 432 1075 423 1049 414 1024 405 998 396 972 387 947 378 921
      369 896 360 870 351 845 342 819 333 794 324</data></Position></Frame00002Target00003>
<Frame00003TargetNumber>4.</Frame00003TargetNumber>
<Frame00003Target00000>
  <Type>"白色虚线"</Type>
  <Position type_id="opencv-matrix">
    <rows>20</rows>
    <cols>1</cols>
    <dt>"2i"</dt>
    <data>
      1 546 29 535 58 524 86 513 114 502 143 491 171 480 199 469 228 458
      256 447 284 436 313 425 341 414 369 403 398 392 426 381 454 370
      483 359 511 348 539 337</data></Position></Frame00003Target00000>
<Frame00003Target00001>
  <Type>"白色实线"</Type>
  <Position type_id="opencv-matrix">
    <rows>20</rows>
    <cols>1</cols>
    <dt>"2i"</dt>
    <data>
      45 1024 75 989 105 954 135 919 165 884 195 849 225 814 255 779 285
      744 315 709 345 674 375 639 405 604 435 569 465 534 494 499 524
      464 554 429 584 394 614 359</data></Position></Frame00003Target00001>
<Frame00003Target00002>
  <Type>"白色虚线"</Type>
  <Position type_id="opencv-matrix">
    <rows>20</rows>
    <cols>1</cols>
    <dt>"2i"</dt>
    <data>
      1279 886 1251 858 1223 830 1195 802 1167 774 1139 746 1110 718
      1082 690 1054 662 1026 634 998 606 970 578 942 550 913 522 885 494
      857 466 829 438 801 410 773 382 745 354</data></Position></Frame00003Target00002>
<Frame00003Target00003>
  <Type>"白色实线"</Type>
  <Position type_id="opencv-matrix">
    <rows>20</rows>
    <cols>1</cols>
    <dt>"2i"</dt>
    <data>
      1279 482 1253 474 1228 466 1203 458 1178 450 1152 442 1127 434
      1102 426 1077 418 1051 410 1026 402 1001 394 975 386 950 378 925
      370 900 362 874 354 849 346 824 338 799 330</data></Position></Frame00003Target00003>
<Frame00004TargetNumber>4.</Frame00004TargetNumber>
<Frame00004Target00000>
  <Type>"白色虚线"</Type>
  <Position type_id="opencv-matrix">
    <rows>20</rows>
    <cols>1</cols>
    <dt>"2i"</dt>
    <data>
      0 543 29 532 59 521 88 510 118 499 147 488 177 477 206 466 236 455
      265 444 295 433 324 422 354 411 383 400 413 389 442 378 472 367
      502 356 531 345 561 334</data></Position></Frame00004Target00000>
<Frame00004Target00001>
  <Type>"白色实线"</Type>
  <Position type_id="opencv-matrix">
    <rows>20</rows>
    <cols>1</cols>
    <dt>"2i"</dt>
    <data>
      36 1024 67 989 97 954 128 919 159 884 190 849 220 814 251 779 282
      744 313 709 343 674 374 639 405 604 435 569 466 534 497 499 528
      464 558 429 589 394 620 359</data></Position></Frame00004Target00001>
<Frame00004Target00002>
  <Type>"白色虚线"</Type>
  <Position type_id="opencv-matrix">
    <rows>20</rows>
    <cols>1</cols>
    <dt>"2i"</dt>
    <data>
      1279 892 1251 863 1222 834 1193 805 1164 776 1136 747 1107 718
      1078 689 1049 660 1021 631 992 602 963 573 934 544 905 515 877 486
      848 457 819 428 790 399 762 370 733 341</data></Position></Frame00004Target00002>
