<?xml version="1.0" encoding="zh_CN.UTF-8"?>
<opencv_storage>
<Frame00000TargetNumber>4.</Frame00000TargetNumber>
<Frame00000Target00000>
  <Type>"白色虚线"</Type>
  <Position type_id="opencv-matrix">
    <rows>20</rows>
    <cols>1</cols>
    <dt>"2i"</dt>
    <data>
      3 448 32 441 61 434 90 427 119 420 147 413 176 406 205 399 234 392
      263 385 292 378 321 371 349 364 378 357 407 350 436 343 465 336
      494 329 523 322 552 315</data></Position></Frame00000Target00000>
<Frame00000Target00001>
  <Type>"白色虚线"</Type>
  <Position type_id="opencv-matrix">
    <rows>20</rows>
    <cols>1</cols>
    <dt>"2i"</dt>
    <data>
      231 1024 252 989 273 954 294 919 315 884 335 849 356 814 377 779
      398 744 419 709 440 674 461 639 482 604 503 569 524 534 544 499
      565 464 586 429 607 394 628 359</data></Position></Frame00000Target00001>
<Frame00000Target00002>
  <Type>"白色虚线"</Type>
  <Position type_id="opencv-matrix">
    <rows>20</rows>
    <cols>1</cols>
    <dt>"2i"</dt>
    <data>
      1279 741 1251 720 1223 699 1194 678 1166 657 1138 636 1109 615
      1081 594 1053 573 1025 552 996 531 968 510 940 489 912 468 883 447
      855 426 827 405 798 384 770 363 742 342</data></Position></Frame00000Target00002>
<Frame00000Target00003>
  <Type>"白色实线"</Type>
  <Position type_id="opencv-matrix">
    <rows>20</rows>
    <cols>1</cols>
    <dt>"2i"</dt>
    <data>
      1277 469 1251 461 1225 453 1200 445 1174 437 1148 429 1122 421
      1096 413 1070 405 1044 397 1018 389 992 381 966 373 940 365 914
      357 888 349 862 341 837 333 811 325 785 317</data></Position></Frame00000Target00003>
<Frame00001TargetNumber>4.</Frame00001TargetNumber>
<Frame00001Target00000>
  <Type>"白色虚线"</Type>
  <Position type_id="opencv-matrix">
    <rows>20</rows>
    <cols>1</cols>
    <dt>"2i"</dt>
    <data>
      1 442 27 436 54 430 80 424 106 418 133 412 159 406 185 400 212 394
      238 388 264 382 290 376 317 370 343 364 369 358 396 352 422 346
      448 340 475 334 501 328</data></Position></Frame00001Target00000>
<Frame00001Target00001>
  <Type>"白色虚线"</Type>
  <Position type_id="opencv-matrix">
    <rows>20</rows>
    <cols>1</cols>
    <dt>"2i"</dt>
    <data>
      230 1024 251 989 272 954 292 919 313 884 334 849 355 814 376 779
      397 744 418 709 439 674 460 639 481 604 502 569 523 534 543 499
      564 464 585 429 606 394 627 359</data></Position></Frame00001Target00001>
<Frame00001Target00002>
  <Type>"白色虚线"</Type>
  <Position type_id="opencv-matrix">
    <rows>20</rows>
    <cols>1</cols>
    <dt>"2i"</dt>
    <data>
      1279 744 1251 723 1223 702 1195 681 1167 660 1139 639 1111 618
      1083 597 1055 576 1027 555 998 534 970 513 942 492 914 471 886 450
      858 429 830 408 802 387 774 366 746 345</data></Position></Frame00001Target00002>
<Frame00001Target00003>
  <Type>"白色实线"</Type>
  <Position type_id="opencv-matrix">
    <rows>20</rows>
    <cols>1</cols>
    <dt>"2i"</dt>
    <data>
      1279 469 1253 461 1226 453 1199 445 1173 437 1146 429 1120 421
      1093 413 1067 405 1040 397 1014 389 987 381 961 373 934 365 908
      357 881 349 854 341 828 333 801 325 775 317</data></Position></Frame00001Target00003>
<Frame00002TargetNumber>4.</Frame00002TargetNumber>
<Frame00002Target00000>
  <Type>"白色虚线"</Type>
  <Position type_id="opencv-matrix">
    <rows>20</rows>
    <cols>1</cols>
    <dt>"2i"</dt>
    <data>
      0 446 26 440 52 434 77 428 103 422 129 416 155 410 181 404 207 398
      233 392 259 386 285 380 311 374 336 368 362 362 388 356 414 350
      440 344 466 338 492 332</data></Position></Frame00002Target00000>
<Frame00002Target00001>
  <Type>"白色实线"</Type>
  <Position type_id="opencv-matrix">
    <rows>20</rows>
    <cols>1</cols>
    <dt>"2i"</dt>
    <data>
      248 1024 267 989 287 954 307 919 327 884 347 849 367 814 387 779
      406 744 426 709 446 674 466 639 486 604 506 569 526 534 546 499
      565 464 585 429 605 394 625 359</data></Position></Frame00002Target00001>
<Frame00002Target00002>
  <Type>"白色虚线"</Type>
  <Position type_id="opencv-matrix">
    <rows>20</rows>
    <cols>1</cols>
    <dt>"2i"</dt>
    <data>
      1278 754 1250 732 1221 710 1192 688 1164 666 1135 644 1106 622
      1078 600 1049 578 1020 556 992 534 963 512 934 490 906 468 877 446
      848 424 820 402 791 380 762 358 734 336</data></Position></Frame00002Target00002>
<Frame00002Target00003>
  <Type>"白色实线"</Type>
  <Position type_id="opencv-matrix">
    <rows>20</rows>
    <cols>1</cols>
    <dt>"2i"</dt>
    <data>
      1277 470 1252 462 1226 454 1200 446 1174 438 1148 430 1122 422
      1097 414 1071 406 1045 398 1019 390 993 382 967 374 942 366 916
      358 890 350 864 342 838 334 812 326 786 318</data></Position></Frame00002Target00003>
<Frame00003TargetNumber>4.</Frame00003TargetNumber>
<Frame00003Target00000>
  <Type>"白色虚线"</Type>
  <Position type_id="opencv-matrix">
    <rows>20</rows>
    <cols>1</cols>
    <dt>"2i"</dt>
    <data>
      2 474 30 466 58 458 86 450 114 442 143 434 171 426 199 418 227 410
      255 402 284 394 312 386 340 378 368 370 396 362 425 354 453 346
      481 338 509 330 537 322</data></Position></Frame00003Target00000>
<Frame00003Target00001>
  <Type>"白色虚线"</Type>
  <Position type_id="opencv-matrix">
    <rows>20</rows>
    <cols>1</cols>
    <dt>"2i"</dt>
    <data>
      234 1024 255 989 275 954 296 919 317 884 337 849 358 814 378 779
      399 744 420 709 440 674 461 639 481 604 502 569 523 534 543 499
      564 464 584 429 605 394 626 359</data></Position></Frame00003Target00001>
<Frame00003Target00002>
  <Type>"白色虚线"</Type>
  <Position type_id="opencv-matrix">
    <rows>20</rows>
    <cols>1</cols>
    <dt>"2i"</dt>
    <data>
      1279 763 1251 741 1223 719 1194 697 1166 675 1138 653 1110 631
      1082 609 1053 587 1025 565 997 543 969 521 941 499 912 477 884 455
      856 433 828 411 800 389 772 367 743 345</data></Position></Frame00003Target00002>
<Frame00003Target00003>
  <Type>"白色实线"</Type>
  <Position type_id="opencv-matrix">
    <rows>20</rows>
    <cols>1</cols>
    <dt>"2i"</dt>
    <data>
      1279 469 1253 461 1226 453 1200 445 1173 437 1147 429 1120 421
      1094 413 1067 405 1041 397 1014 389 988 381 961 373 935 365 908
      357 882 349 855 341 829 333 802 325 776 317</data></Position></Frame00003Target00003>
<Frame00004TargetNumber>4.</Frame00004TargetNumber>
<Frame00004Target00000>
  <Type>"白色虚线"</Type>
  <Position type_id="opencv-matrix">
    <rows>20</rows>
    <cols>1</cols>
    <dt>"2i"</dt>
    <data>
      1 448 31 441 60 434 89 427 119 420 148 413 177 406 207 399 236 392
      266 385 295 378 324 371 354 364 383 357 413 350 442 343 471 336
      501 329 530 322 560 315</data></Position></Frame00004Target00000>
<Frame00004Target00001>
  <Type>"白色虚线"</Type>
  <Position type_id="opencv-matrix">
    <rows>20</rows>
    <cols>1</cols>
    <dt>"2i"</dt>
    <data>
      214 1024 235 989 257 954 279 919 300 884 322 849 344 814 365 779
      387 744 408 709 430 674 452 639 473 604 495 569 517 534 538 499
      560 464 582 429 603 394 625 359</data></Position></Frame00004Target00001>
<Frame00004Target00002>
  <Type>"白色虚线"</Type>
  <Position type_id="opencv-matrix">
    <rows>20</rows>
    <cols>1</cols>
    <dt>"2i"</dt>
    <data>
      1279 756 1250 734 1222 712 1193 690 1165 668 1136 646 1108 624
      1079 602 1050 580 1022 558 993 536 965 514 936 492 908 470 879 448
      850 426 822 404 793 382 765 360 736 338</data></Position></Frame00004Target00002>
