<?xml version="1.0" encoding="zh_CN.UTF-8"?>
<opencv_storage>
<Frame00000TargetNumber>4.</Frame00000TargetNumber>
<Frame00000Target00000>
  <Type>"白色虚线"</Type>
  <Position type_id="opencv-matrix">
    <rows>20</rows>
    <cols>1</cols>
    <dt>"2i"</dt>
    <data>
      0 474 28 466 57 458 86 450 114 442 143 434 172 426 200 418 229 410
      258 402 286 394 315 386 344 378 372 370 401 362 430 354 458 346
      487 338 516 330 544 322</data></Position></Frame00000Target00000>
<Frame00000Target00001>
  <Type>"白色虚线"</Type>
  <Position type_id="opencv-matrix">
    <rows>20</rows>
    <cols>1</cols>
    <dt>"2i"</dt>
    <data>
      0 966 32 934 63 902 95 870 127 838 158 806 190 774 222 742 253 710
      285 678 317 646 349 614 380 582 412 550 444 518 475 486 507 454
      539 422 570 390 602 358</data></Position></Frame00000Target00001>
<Frame00000Target00002>
  <Type>"白色实线"</Type>
  <Position type_id="opencv-matrix">
    <rows>20</rows>
    <cols>1</cols>
    <dt>"2i"</dt>
    <data>
      1279 910 1250 880 1220 850 1191 820 1161 790 1132 760 1102 730
      1073 700 1043 670 1014 640 984 610 955 580 925 550 896 520 866 490
      837 460 807 430 778 400 748 370 719 340</data></Position></Frame00000Target00002>
<Frame00000Target00003>
  <Type>"白色实线"</Type>
  <Position type_id="opencv-matrix">
    <rows>20</rows>
    <cols>1</cols>
    <dt>"2i"</dt>
    <data>
      1276 462 1252 455 1227 448 1203 441 1178 434 1154 427 1129 420
      1105 413 1080 406 1056 399 1031 392 1007 385 982 378 957 371 933
      364 908 357 884 350 859 343 835 336 810 329</data></Position></Frame00000Target00003>
<Frame00001TargetNumber>4.</Frame00001TargetNumber>
<Frame00001Target00000>
  <Type>"白色虚线"</Type>
  <Position type_id="opencv-matrix">
    <rows>20</rows>
    <cols>1</cols>
    <dt>"2i"</dt>
    <data>
      1 495 31 486 61 477 91 468 121 459 151 450 180 441 210 432 240 423
      270 414 300 405 330 396 360 387 389 378 419 369 449 360 479 351
      509 342 539 333 569 324</data></Position></Frame00001Target00000>
<Frame00001Target00001>
  <Type>"白色虚线"</Type>
  <Position type_id="opencv-matrix">
    <rows>20</rows>
    <cols>1</cols>
    <dt>"2i"</dt>
    <data>
      0 973 32 940 64 907 97 874 129 841 161 808 194 775 226 742 258 709
      291 676 323 643 355 610 388 577 420 544 452 511 485 478 517 445
      549 412 582 379 614 346</data></Position></Frame00001Target00001>
<Frame00001Target00002>
  <Type>"白色实线"</Type>
  <Position type_id="opencv-matrix">
    <rows>20</rows>
    <cols>1</cols>
    <dt>"2i"</dt>
    <data>
      1279 914 1249 884 1220 854 1190 824 1160 794 1131 764 1101 734
      1072 704 1042 674 1012 644 983 614 953 584 924 554 894 524 865 494
      835 464 805 434 776 404 746 374 717 344</data></Position></Frame00001Target00002>
<Frame00001Target00003>
  <Type>"白色实线"</Type>
  <Position type_id="opencv-matrix">
    <rows>20</rows>
    <cols>1</cols>
    <dt>"2i"</dt>
    <data>
      1278 470 1251 462 1225 454 1198 446 1171 438 1145 430 1118 422
      1092 414 1065 406 1038 398 1012 390 985 382 959 374 932 366 905
      358 879 350 852 342 826 334 799 326 772 318</data></Position></Frame00001Target00003>
<Frame00002TargetNumber>4.</Frame00002TargetNumber>
<Frame00002Target00000>
  <Type>"白色虚线"</Type>
  <Position type_id="opencv-matrix">
    <rows>20</rows>
    <cols>1</cols>
    <dt>"2i"</dt>
    <data>
      0 474 30 466 60 458 90 450 120 442 149 434 179 426 209 418 239 410
      269 402 298 394 328 386 358 378 388 370 418 362 448 354 477 346
      507 338 537 330 567 322</data></Position></Frame00002Target00000>
<Frame00002Target00001>
  <Type>"白色虚线"</Type>
  <Position type_id="opencv-matrix">
    <rows>20</rows>
    <cols>1</cols>
    <dt>"2i"</dt>
    <data>
      0 998 32 964 64 930 96 896 128 862 160 828 193 794 225 760 257 726
      289 692 321 658 353 624 385 590 417 556 449 522 482 488 514 454
      546 420 578 386 610 352</data></Position></Frame00002Target00001>
<Frame00002Target00002>
  <Type>"白色实线"</Type>
  <Position type_id="opencv-matrix">
    <rows>20</rows>
    <cols>1</cols>
    <dt>"2i"</dt>
    <data>
      1279 922 1250 892 1221 862 1192 832 1163 802 1134 772 1105 742
      1076 712 1047 682 1018 652 990 622 961 592 932 562 903 532 874 502
      845 472 816 442 787 412 758 382 729 352</data></Position></Frame00002Target00002>
<Frame00002Target00003>
  <Type>"白色虚线"</Type>
  <Position type_id="opencv-matrix">
    <rows>20</rows>
    <cols>1</cols>
    <dt>"2i"</dt>
    <data>
      1278 592 1245 578 1213 564 1180 550 1148 536 1115 522 1083 508
      1050 494 1017 480 985 466 952 452 920 438 887 424 854 410 822 396
      789 382 757 368 724 354 691 340 659 326</data></Position></Frame00002Target00003>
<Frame00003TargetNumber>4.</Frame00003TargetNumber>
<Frame00003Target00000>
  <Type>"白色虚线"</Type>
  <Position type_id="opencv-matrix">
    <rows>20</rows>
    <cols>1</cols>
    <dt>"2i"</dt>
    <data>
      0 486 28 478 55 470 83 462 111 454 138 446 166 438 194 430 221 422
      249 414 277 406 304 398 332 390 360 382 387 374 415 366 442 358
      470 350 498 342 525 334</data></Position></Frame00003Target00000>
<Frame00003Target00001>
  <Type>"白色虚线"</Type>
  <Position type_id="opencv-matrix">
    <rows>20</rows>
    <cols>1</cols>
    <dt>"2i"</dt>
    <data>
      0 987 32 954 63 921 94 888 126 855 157 822 189 789 220 756 251 723
      283 690 314 657 345 624 377 591 408 558 440 525 471 492 502 459
      534 426 565 393 596 360</data></Position></Frame00003Target00001>
<Frame00003Target00002>
  <Type>"白色实线"</Type>
  <Position type_id="opencv-matrix">
    <rows>20</rows>
    <cols>1</cols>
    <dt>"2i"</dt>
    <data>
      1279 907 1250 878 1221 849 1192 820 1162 791 1133 762 1104 733
      1075 704 1046 675 1016 646 987 617 958 588 929 559 900 530 870 501
      841 472 812 443 783 414 754 385 725 356</data></Position></Frame00003Target00002>
<Frame00003Target00003>
  <Type>"白色实线"</Type>
  <Position type_id="opencv-matrix">
    <rows>20</rows>
    <cols>1</cols>
    <dt>"2i"</dt>
    <data>
      1276 489 1248 480 1220 471 1192 462 1164 453 1136 444 1108 435
      1080 426 1052 417 1024 408 996 399 968 390 940 381 912 372 884 363
      856 354 827 345 799 336 771 327 743 318</data></Position></Frame00003Target00003>
<Frame00004TargetNumber>4.</Frame00004TargetNumber>
<Frame00004Target00000>
  <Type>"白色虚线"</Type>
  <Position type_id="opencv-matrix">
    <rows>20</rows>
    <cols>1</cols>
    <dt>"2i"</dt>
    <data>
      2 472 33 464 63 456 93 448 124 440 154 432 185 424 215 416 245 408
      276 400 306 392 337 384 367 376 397 368 428 360 458 352 488 344
      519 336 549 328 580 320</data></Position></Frame00004Target00000>
<Frame00004Target00001>
  <Type>"白色虚线"</Type>
  <Position type_id="opencv-matrix">
    <rows>20</rows>
    <cols>1</cols>
    <dt>"2i"</dt>
    <data>
      0 989 32 955 64 921 96 887 128 853 160 819 193 785 225 751 257 717
      289 683 321 649 353 615 386 581 418 547 450 513 482 479 514 445
      546 411 578 377 611 343</data></Position></Frame00004Target00001>
<Frame00004Target00002>
  <Type>"白色实线"</Type>
  <Position type_id="opencv-matrix">
    <rows>20</rows>
    <cols>1</cols>
    <dt>"2i"</dt>
    <data>
      1279 900 1249 871 1220 842 1190 813 1161 784 1132 755 1102 726
      1073 697 1044 668 1014 639 985 610 955 581 926 552 897 523 867 494
      838 465 808 436 779 407 750 378 720 349</data></Position></Frame00004Target00002>
