<?xml version="1.0" encoding="zh_CN.UTF-8"?>
<opencv_storage>
<Frame00000TargetNumber>4.</Frame00000TargetNumber>
<Frame00000Target00000>
  <Type>"白色虚线"</Type>
  <Position type_id="opencv-matrix">
    <rows>20</rows>
    <cols>1</cols>
    <dt>"2i"</dt>
    <data>
      1 579 33 566 65 553 96 540 128 527 160 514 192 501 223 488 255 475
      287 462 318 449 350 436 382 423 414 410 445 397 477 384 509 371
      540 358 572 345 604 332</data></Position></Frame00000Target00000>
<Frame00000Target00001>
  <Type>"白色虚线"</Type>
  <Position type_id="opencv-matrix">
    <rows>20</rows>
    <cols>1</cols>
    <dt>"2i"</dt>
    <data>
      0 840 33 814 65 788 97 762 130 736 162 710 194 684 227 658 259 632
      291 606 324 580 356 554 388 528 421 502 453 476 485 450 518 424
      550 398 582 372 615 346</data></Position></Frame00000Target00001>
<Frame00000Target00002>
  <Type>"白色虚线"</Type>
  <Position type_id="opencv-matrix">
    <rows>20</rows>
    <cols>1</cols>
    <dt>"2i"</dt>
    <data>
      1075 1024 1055 989 1035 954 1015 919 995 884 975 849 955 814 935
      779 915 744 895 709 875 674 855 639 835 604 815 569 795 534 775
      499 755 464 735 429 715 394 694 359</data></Position></Frame00000Target00002>
<Frame00000Target00003>
  <Type>"白色实线"</Type>
  <Position type_id="opencv-matrix">
    <rows>20</rows>
    <cols>1</cols>
    <dt>"2i"</dt>
    <data>
      1279 550 1250 538 1220 526 1191 514 1161 502 1132 490 1102 478
      1073 466 1044 454 1014 442 985 430 955 418 926 406 896 394 867 382
      837 370 808 358 778 346 749 334 719 322</data></Position></Frame00000Target00003>
<Frame00001TargetNumber>4.</Frame00001TargetNumber>
<Frame00001Target00000>
  <Type>"白色虚线"</Type>
  <Position type_id="opencv-matrix">
    <rows>20</rows>
    <cols>1</cols>
    <dt>"2i"</dt>
    <data>
      2 578 37 565 73 552 109 539 144 526 180 513 215 500 251 487 287
      474 322 461 358 448 393 435 429 422 464 409 500 396 536 383 571
      370 607 357 642 344 678 331</data></Position></Frame00001Target00000>
<Frame00001Target00001>
  <Type>"白色虚线"</Type>
  <Position type_id="opencv-matrix">
    <rows>20</rows>
    <cols>1</cols>
    <dt>"2i"</dt>
    <data>
      0 840 33 814 65 788 98 762 131 736 163 710 196 684 229 658 261 632
      294 606 327 580 359 554 392 528 425 502 457 476 490 450 523 424
      555 398 588 372 621 346</data></Position></Frame00001Target00001>
<Frame00001Target00002>
  <Type>"白色虚线"</Type>
  <Position type_id="opencv-matrix">
    <rows>20</rows>
    <cols>1</cols>
    <dt>"2i"</dt>
    <data>
      1050 1024 1032 989 1014 954 996 919 977 884 959 849 941 814 923
      779 904 744 886 709 868 674 850 639 832 604 813 569 795 534 777
      499 759 464 740 429 722 394 704 359</data></Position></Frame00001Target00002>
<Frame00001Target00003>
  <Type>"白色实线"</Type>
  <Position type_id="opencv-matrix">
    <rows>20</rows>
    <cols>1</cols>
    <dt>"2i"</dt>
    <data>
      1278 504 1251 495 1225 486 1198 477 1171 468 1144 459 1117 450
      1091 441 1064 432 1037 423 1010 414 983 405 957 396 930 387 903
      378 876 369 850 360 823 351 796 342 769 333</data></Position></Frame00001Target00003>
<Frame00002TargetNumber>4.</Frame00002TargetNumber>
<Frame00002Target00000>
  <Type>"白色虚线"</Type>
  <Position type_id="opencv-matrix">
    <rows>20</rows>
    <cols>1</cols>
    <dt>"2i"</dt>
    <data>
      0 575 36 562 73 549 109 536 146 523 182 510 219 497 255 484 291
      471 328 458 364 445 401 432 437 419 474 406 510 393 546 380 583
      367 619 354 656 341 692 328</data></Position></Frame00002Target00000>
<Frame00002Target00001>
  <Type>"白色虚线"</Type>
  <Position type_id="opencv-matrix">
    <rows>20</rows>
    <cols>1</cols>
    <dt>"2i"</dt>
    <data>
      0 849 33 822 65 795 98 768 131 741 163 714 196 687 229 660 261 633
      294 606 326 579 359 552 392 525 424 498 457 471 490 444 522 417
      555 390 588 363 620 336</data></Position></Frame00002Target00001>
<Frame00002Target00002>
  <Type>"白色实线"</Type>
  <Position type_id="opencv-matrix">
    <rows>20</rows>
    <cols>1</cols>
    <dt>"2i"</dt>
    <data>
      1060 1024 1041 989 1022 954 1003 919 984 884 965 849 946 814 927
      779 909 744 890 709 871 674 852 639 833 604 814 569 795 534 776
      499 757 464 738 429 720 394 701 359</data></Position></Frame00002Target00002>
<Frame00002Target00003>
  <Type>"白色虚线"</Type>
  <Position type_id="opencv-matrix">
    <rows>20</rows>
    <cols>1</cols>
    <dt>"2i"</dt>
    <data>
      1279 521 1251 511 1224 501 1196 491 1169 481 1141 471 1114 461
      1086 451 1059 441 1031 431 1004 421 976 411 949 401 921 391 894
      381 866 371 839 361 811 351 783 341 756 331</data></Position></Frame00002Target00003>
<Frame00003TargetNumber>4.</Frame00003TargetNumber>
<Frame00003Target00000>
  <Type>"白色虚线"</Type>
  <Position type_id="opencv-matrix">
    <rows>20</rows>
    <cols>1</cols>
    <dt>"2i"</dt>
    <data>
      0 572 34 559 69 546 103 533 137 520 171 507 205 494 239 481 273
      468 307 455 341 442 376 429 410 416 444 403 478 390 512 377 546
      364 580 351 614 338 649 325</data></Position></Frame00003Target00000>
<Frame00003Target00001>
  <Type>"白色虚线"</Type>
  <Position type_id="opencv-matrix">
    <rows>20</rows>
    <cols>1</cols>
    <dt>"2i"</dt>
    <data>
      0 846 32 820 63 794 95 768 127 742 158 716 190 690 222 664 253 638
      285 612 317 586 348 560 380 534 412 508 443 482 475 456 507 430
      539 404 570 378 602 352</data></Position></Frame00003Target00001>
<Frame00003Target00002>
  <Type>"白色虚线"</Type>
  <Position type_id="opencv-matrix">
    <rows>20</rows>
    <cols>1</cols>
    <dt>"2i"</dt>
    <data>
      1053 1024 1034 989 1016 954 997 919 979 884 960 849 942 814 923
      779 905 744 886 709 868 674 849 639 831 604 812 569 794 534 775
      499 757 464 738 429 720 394 701 359</data></Position></Frame00003Target00002>
<Frame00003Target00003>
  <Type>"白色实线"</Type>
  <Position type_id="opencv-matrix">
    <rows>20</rows>
    <cols>1</cols>
    <dt>"2i"</dt>
    <data>
      1278 503 1251 494 1225 485 1198 476 1171 467 1145 458 1118 449
      1091 440 1065 431 1038 422 1012 413 985 404 958 395 932 386 905
      377 879 368 852 359 825 350 799 341 772 332</data></Position></Frame00003Target00003>
<Frame00004TargetNumber>4.</Frame00004TargetNumber>
<Frame00004Target00000>
  <Type>"白色虚线"</Type>
  <Position type_id="opencv-matrix">
    <rows>20</rows>
    <cols>1</cols>
    <dt>"2i"</dt>
    <data>
      0 568 35 555 69 542 104 529 139 516 174 503 208 490 243 477 278
      464 313 451 347 438 382 425 417 412 452 399 487 386 521 373 556
      360 591 347 626 334 660 321</data></Position></Frame00004Target00000>
<Frame00004Target00001>
  <Type>"白色虚线"</Type>
  <Position type_id="opencv-matrix">
    <rows>20</rows>
    <cols>1</cols>
    <dt>"2i"</dt>
    <data>
      0 829 33 803 66 777 99 751 133 725 166 699 199 673 232 647 266 621
      299 595 332 569 365 543 398 517 432 491 465 465 498 439 531 413
      565 387 598 361 631 335</data></Position></Frame00004Target00001>
<Frame00004Target00002>
  <Type>"白色虚线"</Type>
  <Position type_id="opencv-matrix">
    <rows>20</rows>
    <cols>1</cols>
    <dt>"2i"</dt>
    <data>
      1071 1024 1052 989 1032 954 1013 919 993 884 973 849 954 814 934
      779 915 744 895 709 876 674 856 639 837 604 817 569 797 534 778
      499 758 464 739 429 719 394 700 359</data></Position></Frame00004Target00002>
<Frame00004Target00003>
  <Type>"白色实线"</Type>
  <Position type_id="opencv-matrix">
    <rows>20</rows>
    <cols>1</cols>
    <dt>"2i"</dt>
    <data>
      1279 550 1250 538 1221 526 1192 514 1163 502 1134 490 1106 478
      1077 466 1048 454 1019 442 990 430 961 418 932 406 904 394 875 382
      846 370 817 358 788 346 759 334 731 322</data></Position></Frame00004Target00003>
