<?xml version="1.0" encoding="zh_CN.UTF-8"?>
<opencv_storage>
<Frame00000TargetNumber>4.</Frame00000TargetNumber>
<Frame00000Target00000>
  <Type>"白色虚线"</Type>
  <Position type_id="opencv-matrix">
    <rows>20</rows>
    <cols>1</cols>
    <dt>"2i"</dt>
    <data>
      0 537 29 526 59 515 89 504 118 493 148 482 178 471 208 460 237 449
      267 438 297 427 326 416 356 405 386 394 416 383 445 372 475 361
      505 350 534 339 564 328</data></Position></Frame00000Target00000>
<Frame00000Target00001>
  <Type>"白色虚线"</Type>
  <Position type_id="opencv-matrix">
    <rows>20</rows>
    <cols>1</cols>
    <dt>"2i"</dt>
    <data>
      106 1024 133 989 160 954 187 919 213 884 240 849 267 814 294 779
      321 744 347 709 374 674 401 639 428 604 455 569 481 534 508 499
      535 464 562 429 589 394 615 359</data></Position></Frame00000Target00001>
<Frame00000Target00002>
  <Type>"白色虚线"</Type>
  <Position type_id="opencv-matrix">
    <rows>20</rows>
    <cols>1</cols>
    <dt>"2i"</dt>
    <data>
      1278 812 1249 787 1220 762 1191 737 1163 712 1134 687 1105 662
      1076 637 1047 612 1018 587 989 562 960 537 931 512 902 487 873 462
      844 437 815 412 786 387 757 362 728 337</data></Position></Frame00000Target00002>
<Frame00000Target00003>
  <Type>"白色实线"</Type>
  <Position type_id="opencv-matrix">
    <rows>20</rows>
    <cols>1</cols>
    <dt>"2i"</dt>
    <data>
      1279 458 1255 451 1232 444 1208 437 1185 430 1161 423 1138 416
      1114 409 1090 402 1067 395 1043 388 1020 381 996 374 973 367 949
      360 925 353 902 346 878 339 855 332 831 325</data></Position></Frame00000Target00003>
<Frame00001TargetNumber>4.</Frame00001TargetNumber>
<Frame00001Target00000>
  <Type>"白色实线"</Type>
  <Position type_id="opencv-matrix">
    <rows>20</rows>
    <cols>1</cols>
    <dt>"2i"</dt>
    <data>
      2 539 31 528 60 517 90 506 119 495 148 484 178 473 207 462 237 451
      266 440 295 429 325 418 354 407 384 396 413 385 442 374 472 363
      501 352 531 341 560 330</data></Position></Frame00001Target00000>
<Frame00001Target00001>
  <Type>"白色虚线"</Type>
  <Position type_id="opencv-matrix">
    <rows>20</rows>
    <cols>1</cols>
    <dt>"2i"</dt>
    <data>
      78 1024 108 989 137 954 166 919 196 884 225 849 254 814 283 779
      313 744 342 709 371 674 401 639 430 604 459 569 489 534 518 499
      547 464 577 429 606 394 635 359</data></Position></Frame00001Target00001>
<Frame00001Target00002>
  <Type>"白色虚线"</Type>
  <Position type_id="opencv-matrix">
    <rows>20</rows>
    <cols>1</cols>
    <dt>"2i"</dt>
    <data>
      1279 833 1250 807 1221 781 1192 755 1162 729 1133 703 1104 677
      1075 651 1046 625 1017 599 988 573 959 547 930 521 901 495 871 469
      842 443 813 417 784 391 755 365 726 339</data></Position></Frame00001Target00002>
<Frame00001Target00003>
  <Type>"白色虚线"</Type>
  <Position type_id="opencv-matrix">
    <rows>20</rows>
    <cols>1</cols>
    <dt>"2i"</dt>
    <data>
      1277 435 1254 429 1231 423 1208 417 1184 411 1161 405 1138 399
      1114 393 1091 387 1068 381 1045 375 1021 369 998 363 975 357 952
      351 928 345 905 339 882 333 858 327 835 321</data></Position></Frame00001Target00003>
<Frame00002TargetNumber>4.</Frame00002TargetNumber>
<Frame00002Target00000>
  <Type>"白色虚线"</Type>
  <Position type_id="opencv-matrix">
    <rows>20</rows>
    <cols>1</cols>
    <dt>"2i"</dt>
    <data>
      0 532 31 521 62 510 92 499 123 488 154 477 184 466 215 455 246 444
      277 433 307 422 338 411 369 400 400 389 430 378 461 367 492 356
      523 345 553 334 584 323</data></Position></Frame00002Target00000>
<Frame00002Target00001>
  <Type>"白色虚线"</Type>
  <Position type_id="opencv-matrix">
    <rows>20</rows>
    <cols>1</cols>
    <dt>"2i"</dt>
    <data>
      73 1024 102 989 130 954 159 919 187 884 216 849 244 814 273 779
      301 744 330 709 358 674 387 639 415 604 444 569 472 534 501 499
      529 464 558 429 586 394 615 359</data></Position></Frame00002Target00001>
<Frame00002Target00002>
  <Type>"白色虚线"</Type>
  <Position type_id="opencv-matrix">
    <rows>20</rows>
    <cols>1</cols>
    <dt>"2i"</dt>
    <data>
      1279 830 1250 804 1221 778 1191 752 1162 726 1132 700 1103 674
      1073 648 1044 622 1014 596 985 570 956 544 926 518 897 492 867 466
      838 440 808 414 779 388 750 362 720 336</data></Position></Frame00002Target00002>
<Frame00002Target00003>
  <Type>"白色实线"</Type>
  <Position type_id="opencv-matrix">
    <rows>20</rows>
    <cols>1</cols>
    <dt>"2i"</dt>
    <data>
      1277 440 1256 434 1234 428 1213 422 1191 416 1170 410 1149 404
      1127 398 1106 392 1084 386 1063 380 1041 374 1020 368 999 362 977
      356 956 350 934 344 913 338 892 332 870 326</data></Position></Frame00002Target00003>
<Frame00003TargetNumber>4.</Frame00003TargetNumber>
<Frame00003Target00000>
  <Type>"白色虚线"</Type>
  <Position type_id="opencv-matrix">
    <rows>20</rows>
    <cols>1</cols>
    <dt>"2i"</dt>
    <data>
      1 538 31 527 60 516 90 505 120 494 149 483 179 472 209 461 239 450
      268 439 298 428 328 417 358 406 387 395 417 384 447 373 476 362
      506 351 536 340 566 329</data></Position></Frame00003Target00000>
<Frame00003Target00001>
  <Type>"白色虚线"</Type>
  <Position type_id="opencv-matrix">
    <rows>20</rows>
    <cols>1</cols>
    <dt>"2i"</dt>
    <data>
      78 1024 106 989 134 954 163 919 191 884 219 849 248 814 276 779
      304 744 332 709 361 674 389 639 417 604 446 569 474 534 502 499
      530 464 559 429 587 394 615 359</data></Position></Frame00003Target00001>
<Frame00003Target00002>
  <Type>"白色虚线"</Type>
  <Position type_id="opencv-matrix">
    <rows>20</rows>
    <cols>1</cols>
    <dt>"2i"</dt>
    <data>
      1278 842 1250 816 1221 790 1192 764 1163 738 1135 712 1106 686
      1077 660 1048 634 1020 608 991 582 962 556 933 530 905 504 876 478
      847 452 818 426 789 400 761 374 732 348</data></Position></Frame00003Target00002>
<Frame00003Target00003>
  <Type>"白色实线"</Type>
  <Position type_id="opencv-matrix">
    <rows>20</rows>
    <cols>1</cols>
    <dt>"2i"</dt>
    <data>
      1277 484 1253 476 1228 468 1204 460 1180 452 1155 444 1131 436
      1106 428 1082 420 1058 412 1033 404 1009 396 984 388 960 380 936
      372 911 364 887 356 862 348 838 340 814 332</data></Position></Frame00003Target00003>
<Frame00004TargetNumber>4.</Frame00004TargetNumber>
<Frame00004Target00000>
  <Type>"白色虚线"</Type>
  <Position type_id="opencv-matrix">
    <rows>20</rows>
    <cols>1</cols>
    <dt>"2i"</dt>
    <data>
      1 528 32 517 63 506 95 495 126 484 158 473 189 462 220 451 252 440
      283 429 315 418 346 407 377 396 409 385 440 374 471 363 503 352
      534 341 566 330 597 319</data></Position></Frame00004Target00000>
<Frame00004Target00001>
  <Type>"白色虚线"</Type>
  <Position type_id="opencv-matrix">
    <rows>20</rows>
    <cols>1</cols>
    <dt>"2i"</dt>
    <data>
      91 1024 118 989 146 954 173 919 201 884 228 849 256 814 283 779
      310 744 338 709 365 674 393 639 420 604 448 569 475 534 502 499
      530 464 557 429 585 394 612 359</data></Position></Frame00004Target00001>
<Frame00004Target00002>
  <Type>"白色虚线"</Type>
  <Position type_id="opencv-matrix">
    <rows>20</rows>
    <cols>1</cols>
    <dt>"2i"</dt>
    <data>
      1279 821 1249 796 1220 771 1191 746 1162 721 1133 696 1104 671
      1075 646 1046 621 1017 596 987 571 958 546 929 521 900 496 871 471
      842 446 813 421 784 396 754 371 725 346</data></Position></Frame00004Target00002>
