<?xml version="1.0" encoding="zh_CN.UTF-8"?>
<opencv_storage>
<Frame00000TargetNumber>4.</Frame00000TargetNumber>
<Frame00000Target00000>
  <Type>"白色实线"</Type>
  <Position type_id="opencv-matrix">
    <rows>3</rows>
    <cols>1</cols>
    <dt>"2i"</dt>
    <data>
      1200 1024 1170 989 1140 954</data></Position></Frame00000Target00000>
<Frame00000Target00001>
  <Type>"白色实线"</Type>
  <Position type_id="opencv-matrix">
    <rows>20</rows>
    <cols>1</cols>
    <dt>"2i"</dt>
    <data>
      0 743 32 722 64 701 95 680 127 659 159 638 190 617 222 596 254 575
      286 554 317 533 349 512 381 491 412 470 444 449 476 428 507 407
      539 386 571 365 602 344</data></Position></Frame00000Target00001>
<Frame00000Target00002>
  <Type>"白色虚线"</Type>
  <Position type_id="opencv-matrix">
    <rows>20</rows>
    <cols>1</cols>
    <dt>"2i"</dt>
    <data>
      1003 1024 988 989 972 954 957 919 941 884 926 849 910 814 895 779
      879 744 864 709 848 674 833 639 817 604 802 569 786 534 770 499
      755 464 739 429 724 394 708 359</data></Position></Frame00000Target00002>
<Frame00000Target00003>
  <Type>"白色虚线"</Type>
  <Position type_id="opencv-matrix">
    <rows>20</rows>
    <cols>1</cols>
    <dt>"2i"</dt>
    <data>
      1279 643 1255 627 1231 611 1207 595 1183 579 1159 563 1134 547
      1110 531 1086 515 1062 499 1038 483 1014 467 990 451 966 435 942
      419 918 403 894 387 870 371 845 355 821 339</data></Position></Frame00000Target00003>
<Frame00001TargetNumber>4.</Frame00001TargetNumber>
<Frame00001Target00000>
  <Type>"白色实线"</Type>
  <Position type_id="opencv-matrix">
    <rows>3</rows>
    <cols>1</cols>
    <dt>"2i"</dt>
    <data>
      1200 1024 1170 989 1140 954</data></Position></Frame00001Target00000>
<Frame00001Target00001>
  <Type>"白色实线"</Type>
  <Position type_id="opencv-matrix">
    <rows>20</rows>
    <cols>1</cols>
    <dt>"2i"</dt>
    <data>
      0 747 31 726 62 705 93 684 124 663 155 642 185 621 216 600 247 579
      278 558 309 537 340 516 371 495 402 474 433 453 464 432 494 411
      525 390 556 369 587 348</data></Position></Frame00001Target00001>
<Frame00001Target00002>
  <Type>"白色虚线"</Type>
  <Position type_id="opencv-matrix">
    <rows>20</rows>
    <cols>1</cols>
    <dt>"2i"</dt>
    <data>
      1000 1024 985 989 969 954 953 919 937 884 922 849 906 814 890 779
      874 744 859 709 843 674 827 639 811 604 796 569 780 534 764 499
      748 464 733 429 717 394 701 359</data></Position></Frame00001Target00002>
<Frame00001Target00003>
  <Type>"白色虚线"</Type>
  <Position type_id="opencv-matrix">
    <rows>20</rows>
    <cols>1</cols>
    <dt>"2i"</dt>
    <data>
      1276 424 1255 419 1234 414 1213 409 1192 404 1171 399 1150 394
      1129 389 1108 384 1087 379 1066 374 1045 369 1023 364 1002 359 981
      354 960 349 939 344 918 339 897 334 876 329</data></Position></Frame00001Target00003>
<Frame00002TargetNumber>4.</Frame00002TargetNumber>
<Frame00002Target00000>
  <Type>"白色实线"</Type>
  <Position type_id="opencv-matrix">
    <rows>3</rows>
    <cols>1</cols>
    <dt>"2i"</dt>
    <data>
      1200 1024 1170 989 1140 954</data></Position></Frame00002Target00000>
<Frame00002Target00001>
  <Type>"白色实线"</Type>
  <Position type_id="opencv-matrix">
    <rows>20</rows>
    <cols>1</cols>
    <dt>"2i"</dt>
    <data>
      0 750 33 728 65 706 97 684 130 662 162 640 194 618 227 596 259 574
      291 552 324 530 356 508 388 486 420 464 453 442 485 420 517 398
      550 376 582 354 614 332</data></Position></Frame00002Target00001>
<Frame00002Target00002>
  <Type>"白色虚线"</Type>
  <Position type_id="opencv-matrix">
    <rows>20</rows>
    <cols>1</cols>
    <dt>"2i"</dt>
    <data>
      965 1024 952 989 939 954 925 919 912 884 899 849 886 814 872 779
      859 744 846 709 832 674 819 639 806 604 792 569 779 534 766 499
      753 464 739 429 726 394 713 359</data></Position></Frame00002Target00002>
<Frame00002Target00003>
  <Type>"白色虚线"</Type>
  <Position type_id="opencv-matrix">
    <rows>20</rows>
    <cols>1</cols>
    <dt>"2i"</dt>
    <data>
      1279 487 1255 479 1231 471 1208 463 1184 455 1160 447 1137 439
      1113 431 1089 423 1065 415 1042 407 1018 399 994 391 970 383 947
      375 923 367 899 359 876 351 852 343 828 335</data></Position></Frame00002Target00003>
<Frame00003TargetNumber>4.</Frame00003TargetNumber>
<Frame00003Target00000>
  <Type>"白色实线"</Type>
  <Position type_id="opencv-matrix">
    <rows>3</rows>
    <cols>1</cols>
    <dt>"2i"</dt>
    <data>
      1200 1024 1170 989 1140 954</data></Position></Frame00003Target00000>
<Frame00003Target00001>
  <Type>"白色实线"</Type>
  <Position type_id="opencv-matrix">
    <rows>20</rows>
    <cols>1</cols>
    <dt>"2i"</dt>
    <data>
      0 745 32 724 63 703 95 682 127 661 159 640 190 619 222 598 254 577
      285 556 317 535 349 514 380 493 412 472 444 451 476 430 507 409
      539 388 571 367 602 346</data></Position></Frame00003Target00001>
<Frame00003Target00002>
  <Type>"白色虚线"</Type>
  <Position type_id="opencv-matrix">
    <rows>20</rows>
    <cols>1</cols>
    <dt>"2i"</dt>
    <data>
      970 1024 957 989 943 954 929 919 915 884 902 849 888 814 874 779
      861 744 847 709 833 674 819 639 806 604 792 569 778 534 765 499
      751 464 737 429 723 394 710 359</data></Position></Frame00003Target00002>
<Frame00003Target00003>
  <Type>"白色实线"</Type>
  <Position type_id="opencv-matrix">
    <rows>3</rows>
    <cols>1</cols>
    <dt>"2i"</dt>
    <data>
      1200 1024 1170 989 1140 954</data></Position></Frame00003Target00003>
<Frame00004TargetNumber>4.</Frame00004TargetNumber>
<Frame00004Target00000>
  <Type>"白色实线"</Type>
  <Position type_id="opencv-matrix">
    <rows>3</rows>
    <cols>1</cols>
    <dt>"2i"</dt>
    <data>
      1200 1024 1170 989 1140 954</data></Position></Frame00004Target00000>
<Frame00004Target00001>
  <Type>"白色实线"</Type>
  <Position type_id="opencv-matrix">
    <rows>20</rows>
    <cols>1</cols>
    <dt>"2i"</dt>
    <data>
      0 744 31 723 63 702 94 681 126 660 157 639 189 618 220 597 252 576
      283 555 315 534 346 513 378 492 409 471 441 450 473 429 504 408
      536 387 567 366 599 345</data></Position></Frame00004Target00001>
<Frame00004Target00002>
  <Type>"白色虚线"</Type>
  <Position type_id="opencv-matrix">
    <rows>20</rows>
    <cols>1</cols>
    <dt>"2i"</dt>
    <data>
      966 1024 953 989 939 954 926 919 912 884 899 849 886 814 872 779
      859 744 846 709 832 674 819 639 806 604 792 569 779 534 766 499
      752 464 739 429 726 394 712 359</data></Position></Frame00004Target00002>
<Frame00004Target00003>
  <Type>"白色虚线"</Type>
  <Position type_id="opencv-matrix">
    <rows>20</rows>
    <cols>1</cols>
    <dt>"2i"</dt>
    <data>
      1278 534 1252 523 1226 512 1199 501 1173 490 1146 479 1120 468
      1094 457 1067 446 1041 435 1014 424 988 413 962 402 935 391 909
      380 882 369 856 358 830 347 803 336 777 325</data></Position></Frame00004Target00003>
<Frame00005TargetNumber>4.</Frame00005TargetNumber>
<Frame00005Target00000>
  <Type>"白色虚线"</Type>
  <Position type_id="opencv-matrix">
    <rows>20</rows>
    <cols>1</cols>
    <dt>"2i"</dt>
    <data>
      0 585 32 572 64 559 96 546 128 533 160 520 192 507 224 494 256 481
      288 468 320 455 353 442 385 429 417 416 449 403 481 390 513 377
      545 364 577 351 609 338</data></Position></Frame00005Target00000>
<Frame00005Target00001>
  <Type>"白色实线"</Type>
  <Position type_id="opencv-matrix">
    <rows>20</rows>
    <cols>1</cols>
    <dt>"2i"</dt>
    <data>
      0 739 31 718 62 697 94 676 125 655 156 634 188 613 219 592 250 571
      281 550 313 529 344 508 375 487 406 466 438 445 469 424 500 403
      531 382 563 361 594 340</data></Position></Frame00005Target00001>
