<?xml version="1.0" encoding="zh_CN.UTF-8"?>
<opencv_storage>
<Frame00000TargetNumber>4.</Frame00000TargetNumber>
<Frame00000Target00000>
  <Type>"白色实线"</Type>
  <Position type_id="opencv-matrix">
    <rows>20</rows>
    <cols>1</cols>
    <dt>"2i"</dt>
    <data>
      2 432 29 426 56 420 82 414 109 408 136 402 162 396 189 390 216 384
      242 378 269 372 296 366 322 360 349 354 376 348 403 342 429 336
      456 330 483 324 509 318</data></Position></Frame00000Target00000>
<Frame00000Target00001>
  <Type>"白色虚线"</Type>
  <Position type_id="opencv-matrix">
    <rows>20</rows>
    <cols>1</cols>
    <dt>"2i"</dt>
    <data>
      1 577 32 564 62 551 92 538 122 525 152 512 182 499 212 486 242 473
      272 460 302 447 332 434 362 421 392 408 423 395 453 382 483 369
      513 356 543 343 573 330</data></Position></Frame00000Target00001>
<Frame00000Target00002>
  <Type>"白色虚线"</Type>
  <Position type_id="opencv-matrix">
    <rows>20</rows>
    <cols>1</cols>
    <dt>"2i"</dt>
    <data>
      298 1024 316 989 333 954 351 919 368 884 386 849 404 814 421 779
      439 744 456 709 474 674 491 639 509 604 527 569 544 534 562 499
      579 464 597 429 614 394 632 359</data></Position></Frame00000Target00002>
<Frame00000Target00003>
  <Type>"白色实线"</Type>
  <Position type_id="opencv-matrix">
    <rows>20</rows>
    <cols>1</cols>
    <dt>"2i"</dt>
    <data>
      1279 718 1250 698 1221 678 1192 658 1163 638 1134 618 1105 598
      1077 578 1048 558 1019 538 990 518 961 498 932 478 903 458 874 438
      845 418 816 398 787 378 759 358 730 338</data></Position></Frame00000Target00003>
<Frame00001TargetNumber>4.</Frame00001TargetNumber>
<Frame00001Target00000>
  <Type>"白色实线"</Type>
  <Position type_id="opencv-matrix">
    <rows>20</rows>
    <cols>1</cols>
    <dt>"2i"</dt>
    <data>
      0 445 23 439 47 433 71 427 95 421 119 415 143 409 167 403 191 397
      214 391 238 385 262 379 286 373 310 367 334 361 358 355 382 349
      405 343 429 337 453 331</data></Position></Frame00001Target00000>
<Frame00001Target00001>
  <Type>"白色虚线"</Type>
  <Position type_id="opencv-matrix">
    <rows>20</rows>
    <cols>1</cols>
    <dt>"2i"</dt>
    <data>
      1 575 31 562 61 549 91 536 122 523 152 510 182 497 212 484 243 471
      273 458 303 445 333 432 363 419 394 406 424 393 454 380 484 367
      515 354 545 341 575 328</data></Position></Frame00001Target00001>
<Frame00001Target00002>
  <Type>"白色虚线"</Type>
  <Position type_id="opencv-matrix">
    <rows>20</rows>
    <cols>1</cols>
    <dt>"2i"</dt>
    <data>
      292 1024 310 989 328 954 345 919 363 884 381 849 399 814 416 779
      434 744 452 709 470 674 487 639 505 604 523 569 540 534 558 499
      576 464 594 429 611 394 629 359</data></Position></Frame00001Target00002>
<Frame00001Target00003>
  <Type>"白色实线"</Type>
  <Position type_id="opencv-matrix">
    <rows>20</rows>
    <cols>1</cols>
    <dt>"2i"</dt>
    <data>
      1279 731 1250 710 1221 689 1192 668 1163 647 1134 626 1105 605
      1076 584 1047 563 1018 542 989 521 960 500 931 479 902 458 873 437
      844 416 815 395 786 374 757 353 728 332</data></Position></Frame00001Target00003>
<Frame00002TargetNumber>3.</Frame00002TargetNumber>
<Frame00002Target00000>
  <Type>"白色实线"</Type>
  <Position type_id="opencv-matrix">
    <rows>20</rows>
    <cols>1</cols>
    <dt>"2i"</dt>
    <data>
      2 445 26 439 49 433 73 427 97 421 121 415 145 409 169 403 193 397
      217 391 241 385 265 379 289 373 313 367 336 361 360 355 384 349
      408 343 432 337 456 331</data></Position></Frame00002Target00000>
<Frame00002Target00001>
  <Type>"白色实线"</Type>
  <Position type_id="opencv-matrix">
    <rows>20</rows>
    <cols>1</cols>
    <dt>"2i"</dt>
    <data>
      291 1024 308 989 326 954 343 919 361 884 378 849 396 814 414 779
      431 744 449 709 466 674 484 639 502 604 519 569 537 534 554 499
      572 464 590 429 607 394 625 359</data></Position></Frame00002Target00001>
<Frame00002Target00002>
  <Type>"白色实线"</Type>
  <Position type_id="opencv-matrix">
    <rows>20</rows>
    <cols>1</cols>
    <dt>"2i"</dt>
    <data>
      1279 722 1250 702 1222 682 1193 662 1165 642 1136 622 1107 602
      1079 582 1050 562 1022 542 993 522 965 502 936 482 908 462 879 442
      851 422 822 402 794 382 765 362 737 342</data></Position></Frame00002Target00002>
<Frame00003TargetNumber>4.</Frame00003TargetNumber>
<Frame00003Target00000>
  <Type>"白色实线"</Type>
  <Position type_id="opencv-matrix">
    <rows>20</rows>
    <cols>1</cols>
    <dt>"2i"</dt>
    <data>
      0 441 25 435 49 429 74 423 98 417 123 411 147 405 172 399 196 393
      221 387 245 381 270 375 294 369 319 363 343 357 368 351 392 345
      417 339 441 333 466 327</data></Position></Frame00003Target00000>
<Frame00003Target00001>
  <Type>"白色虚线"</Type>
  <Position type_id="opencv-matrix">
    <rows>20</rows>
    <cols>1</cols>
    <dt>"2i"</dt>
    <data>
      1 573 31 560 61 547 91 534 121 521 152 508 182 495 212 482 242 469
      272 456 302 443 332 430 363 417 393 404 423 391 453 378 483 365
      513 352 544 339 574 326</data></Position></Frame00003Target00001>
<Frame00003Target00002>
  <Type>"白色虚线"</Type>
  <Position type_id="opencv-matrix">
    <rows>20</rows>
    <cols>1</cols>
    <dt>"2i"</dt>
    <data>
      296 1024 313 989 331 954 348 919 365 884 382 849 400 814 417 779
      434 744 452 709 469 674 486 639 504 604 521 569 538 534 556 499
      573 464 590 429 608 394 625 359</data></Position></Frame00003Target00002>
<Frame00003Target00003>
  <Type>"白色实线"</Type>
  <Position type_id="opencv-matrix">
    <rows>20</rows>
    <cols>1</cols>
    <dt>"2i"</dt>
    <data>
      1278 724 1250 704 1222 684 1194 664 1166 644 1138 624 1109 604
      1081 584 1053 564 1025 544 997 524 968 504 940 484 912 464 884 444
      856 424 827 404 799 384 771 364 743 344</data></Position></Frame00003Target00003>
<Frame00004TargetNumber>4.</Frame00004TargetNumber>
<Frame00004Target00000>
  <Type>"白色虚线"</Type>
  <Position type_id="opencv-matrix">
    <rows>20</rows>
    <cols>1</cols>
    <dt>"2i"</dt>
    <data>
      2 461 27 454 51 447 76 440 101 433 126 426 150 419 175 412 200 405
      225 398 249 391 274 384 299 377 324 370 348 363 373 356 398 349
      423 342 447 335 472 328</data></Position></Frame00004Target00000>
<Frame00004Target00001>
  <Type>"白色虚线"</Type>
  <Position type_id="opencv-matrix">
    <rows>20</rows>
    <cols>1</cols>
    <dt>"2i"</dt>
    <data>
      279 1024 298 989 316 954 334 919 352 884 370 849 388 814 406 779
      424 744 442 709 460 674 479 639 497 604 515 569 533 534 551 499
      569 464 587 429 605 394 623 359</data></Position></Frame00004Target00001>
<Frame00004Target00002>
  <Type>"白色实线"</Type>
  <Position type_id="opencv-matrix">
    <rows>20</rows>
    <cols>1</cols>
    <dt>"2i"</dt>
    <data>
      1278 728 1249 707 1219 686 1190 665 1161 644 1132 623 1102 602
      1073 581 1044 560 1014 539 985 518 956 497 926 476 897 455 868 434
      838 413 809 392 780 371 750 350 721 329</data></Position></Frame00004Target00002>
<Frame00004Target00003>
  <Type>"白色实线"</Type>
  <Position type_id="opencv-matrix">
    <rows>3</rows>
    <cols>1</cols>
    <dt>"2i"</dt>
    <data>
      1200 1024 1170 989 1140 954</data></Position></Frame00004Target00003>
<Frame00005TargetNumber>4.</Frame00005TargetNumber>
<Frame00005Target00000>
  <Type>"白色实线"</Type>
  <Position type_id="opencv-matrix">
    <rows>20</rows>
    <cols>1</cols>
    <dt>"2i"</dt>
    <data>
      3 441 26 435 49 429 72 423 95 417 119 411 142 405 165 399 188 393
      211 387 234 381 257 375 280 369 304 363 327 357 350 351 373 345
      396 339 419 333 442 327</data></Position></Frame00005Target00000>
