<?xml version="1.0" encoding="zh_CN.UTF-8"?>
<opencv_storage>
<Frame00000TargetNumber>4.</Frame00000TargetNumber>
<Frame00000Target00000>
  <Type>"黄色实线"</Type>
  <Position type_id="opencv-matrix">
    <rows>20</rows>
    <cols>1</cols>
    <dt>"2i"</dt>
    <data>
      0 538 28 527 56 516 84 505 113 494 141 483 169 472 197 461 225 450
      254 439 282 428 310 417 338 406 366 395 395 384 423 373 451 362
      479 351 507 340 535 329</data></Position></Frame00000Target00000>
<Frame00000Target00001>
  <Type>"白色虚线"</Type>
  <Position type_id="opencv-matrix">
    <rows>20</rows>
    <cols>1</cols>
    <dt>"2i"</dt>
    <data>
      80 1024 108 989 136 954 164 919 192 884 220 849 248 814 276 779
      304 744 333 709 361 674 389 639 417 604 445 569 473 534 501 499
      529 464 557 429 585 394 613 359</data></Position></Frame00000Target00001>
<Frame00000Target00002>
  <Type>"白色虚线"</Type>
  <Position type_id="opencv-matrix">
    <rows>20</rows>
    <cols>1</cols>
    <dt>"2i"</dt>
    <data>
      1279 796 1251 772 1222 748 1193 724 1164 700 1135 676 1107 652
      1078 628 1049 604 1020 580 992 556 963 532 934 508 905 484 876 460
      848 436 819 412 790 388 761 364 732 340</data></Position></Frame00000Target00002>
<Frame00000Target00003>
  <Type>"白色虚线"</Type>
  <Position type_id="opencv-matrix">
    <rows>20</rows>
    <cols>1</cols>
    <dt>"2i"</dt>
    <data>
      1277 428 1256 422 1234 416 1212 410 1191 404 1169 398 1148 392
      1126 386 1104 380 1083 374 1061 368 1040 362 1018 356 996 350 975
      344 953 338 932 332 910 326 888 320 867 314</data></Position></Frame00000Target00003>
<Frame00001TargetNumber>3.</Frame00001TargetNumber>
<Frame00001Target00000>
  <Type>"黄色实线"</Type>
  <Position type_id="opencv-matrix">
    <rows>20</rows>
    <cols>1</cols>
    <dt>"2i"</dt>
    <data>
      2 543 29 532 56 521 82 510 109 499 136 488 163 477 190 466 217 455
      244 444 271 433 297 422 324 411 351 400 378 389 405 378 432 367
      459 356 485 345 512 334</data></Position></Frame00001Target00000>
<Frame00001Target00001>
  <Type>"白色虚线"</Type>
  <Position type_id="opencv-matrix">
    <rows>20</rows>
    <cols>1</cols>
    <dt>"2i"</dt>
    <data>
      77 1024 105 989 134 954 162 919 190 884 219 849 247 814 276 779
      304 744 333 709 361 674 389 639 418 604 446 569 475 534 503 499
      531 464 560 429 588 394 617 359</data></Position></Frame00001Target00001>
<Frame00001Target00002>
  <Type>"白色虚线"</Type>
  <Position type_id="opencv-matrix">
    <rows>20</rows>
    <cols>1</cols>
    <dt>"2i"</dt>
    <data>
      1279 809 1250 784 1220 759 1191 734 1161 709 1132 684 1103 659
      1073 634 1044 609 1014 584 985 559 955 534 926 509 897 484 867 459
      838 434 808 409 779 384 749 359 720 334</data></Position></Frame00001Target00002>
<Frame00002TargetNumber>2.</Frame00002TargetNumber>
<Frame00002Target00000>
  <Type>"黄色实线"</Type>
  <Position type_id="opencv-matrix">
    <rows>20</rows>
    <cols>1</cols>
    <dt>"2i"</dt>
    <data>
      1 542 30 531 59 520 89 509 118 498 148 487 177 476 207 465 236 454
      265 443 295 432 324 421 354 410 383 399 413 388 442 377 471 366
      501 355 530 344 560 333</data></Position></Frame00002Target00000>
<Frame00002Target00001>
  <Type>"白色实线"</Type>
  <Position type_id="opencv-matrix">
    <rows>20</rows>
    <cols>1</cols>
    <dt>"2i"</dt>
    <data>
      93 1024 120 989 148 954 175 919 203 884 230 849 258 814 286 779
      313 744 341 709 368 674 396 639 423 604 451 569 478 534 506 499
      533 464 561 429 588 394 616 359</data></Position></Frame00002Target00001>
<Frame00003TargetNumber>3.</Frame00003TargetNumber>
<Frame00003Target00000>
  <Type>"白色虚线"</Type>
  <Position type_id="opencv-matrix">
    <rows>20</rows>
    <cols>1</cols>
    <dt>"2i"</dt>
    <data>
      0 550 29 538 58 526 87 514 116 502 145 490 174 478 204 466 233 454
      262 442 291 430 320 418 349 406 379 394 408 382 437 370 466 358
      495 346 524 334 554 322</data></Position></Frame00003Target00000>
<Frame00003Target00001>
  <Type>"白色虚线"</Type>
  <Position type_id="opencv-matrix">
    <rows>20</rows>
    <cols>1</cols>
    <dt>"2i"</dt>
    <data>
      83 1024 111 989 139 954 167 919 196 884 224 849 252 814 280 779
      308 744 336 709 364 674 392 639 420 604 449 569 477 534 505 499
      533 464 561 429 589 394 617 359</data></Position></Frame00003Target00001>
<Frame00003Target00002>
  <Type>"白色虚线"</Type>
  <Position type_id="opencv-matrix">
    <rows>20</rows>
    <cols>1</cols>
    <dt>"2i"</dt>
    <data>
      1279 814 1249 789 1220 764 1191 739 1162 714 1132 689 1103 664
      1074 639 1045 614 1015 589 986 564 957 539 928 514 898 489 869 464
      840 439 811 414 781 389 752 364 723 339</data></Position></Frame00003Target00002>
<Frame00004TargetNumber>3.</Frame00004TargetNumber>
<Frame00004Target00000>
  <Type>"白色虚线"</Type>
  <Position type_id="opencv-matrix">
    <rows>20</rows>
    <cols>1</cols>
    <dt>"2i"</dt>
    <data>
      0 542 27 531 54 520 81 509 109 498 136 487 163 476 190 465 217 454
      245 443 272 432 299 421 326 410 353 399 380 388 408 377 435 366
      462 355 489 344 516 333</data></Position></Frame00004Target00000>
<Frame00004Target00001>
  <Type>"白色虚线"</Type>
  <Position type_id="opencv-matrix">
    <rows>20</rows>
    <cols>1</cols>
    <dt>"2i"</dt>
    <data>
      85 1024 113 989 141 954 169 919 196 884 224 849 252 814 280 779
      308 744 336 709 364 674 391 639 419 604 447 569 475 534 503 499
      531 464 559 429 586 394 614 359</data></Position></Frame00004Target00001>
<Frame00004Target00002>
  <Type>"白色虚线"</Type>
  <Position type_id="opencv-matrix">
    <rows>20</rows>
    <cols>1</cols>
    <dt>"2i"</dt>
    <data>
      1279 805 1251 781 1223 757 1194 733 1166 709 1137 685 1109 661
      1081 637 1052 613 1024 589 995 565 967 541 939 517 910 493 882 469
      853 445 825 421 796 397 768 373 740 349</data></Position></Frame00004Target00002>
<Frame00005TargetNumber>3.</Frame00005TargetNumber>
<Frame00005Target00000>
  <Type>"黄色实线"</Type>
  <Position type_id="opencv-matrix">
    <rows>20</rows>
    <cols>1</cols>
    <dt>"2i"</dt>
    <data>
      0 534 29 523 59 512 88 501 118 490 147 479 177 468 206 457 236 446
      265 435 294 424 324 413 353 402 383 391 412 380 442 369 471 358
      501 347 530 336 559 325</data></Position></Frame00005Target00000>
<Frame00005Target00001>
  <Type>"白色虚线"</Type>
  <Position type_id="opencv-matrix">
    <rows>20</rows>
    <cols>1</cols>
    <dt>"2i"</dt>
    <data>
      78 1024 106 989 134 954 162 919 190 884 218 849 246 814 274 779
      302 744 330 709 358 674 386 639 415 604 443 569 471 534 499 499
      527 464 555 429 583 394 611 359</data></Position></Frame00005Target00001>
<Frame00005Target00002>
  <Type>"白色虚线"</Type>
  <Position type_id="opencv-matrix">
    <rows>20</rows>
    <cols>1</cols>
    <dt>"2i"</dt>
    <data>
      1279 806 1251 782 1223 758 1195 734 1167 710 1138 686 1110 662
      1082 638 1054 614 1026 590 998 566 970 542 942 518 914 494 886 470
      857 446 829 422 801 398 773 374 745 350</data></Position></Frame00005Target00002>
<Frame00006TargetNumber>4.</Frame00006TargetNumber>
<Frame00006Target00000>
  <Type>"白色虚线"</Type>
  <Position type_id="opencv-matrix">
    <rows>20</rows>
    <cols>1</cols>
    <dt>"2i"</dt>
    <data>
      2 502 28 493 55 484 81 475 107 466 133 457 159 448 185 439 211 430
      237 421 264 412 290 403 316 394 342 385 368 376 394 367 420 358
      447 349 473 340 499 331</data></Position></Frame00006Target00000>
