<?xml version="1.0" encoding="zh_CN.UTF-8"?>
<opencv_storage>
<Frame00000TargetNumber>3.</Frame00000TargetNumber>
<Frame00000Target00000>
  <Type>"白色实线"</Type>
  <Position type_id="opencv-matrix">
    <rows>20</rows>
    <cols>1</cols>
    <dt>"2i"</dt>
    <data>
      1 513 31 503 62 493 93 483 123 473 154 463 184 453 215 443 245 433
      276 423 307 413 337 403 368 393 398 383 429 373 459 363 490 353
      520 343 551 333 582 323</data></Position></Frame00000Target00000>
<Frame00000Target00001>
  <Type>"白色实线"</Type>
  <Position type_id="opencv-matrix">
    <rows>20</rows>
    <cols>1</cols>
    <dt>"2i"</dt>
    <data>
      0 870 33 842 66 814 100 786 133 758 167 730 200 702 234 674 267
      646 301 618 334 590 367 562 401 534 434 506 468 478 501 450 535
      422 568 394 602 366 635 338</data></Position></Frame00000Target00001>
<Frame00000Target00002>
  <Type>"白色实线"</Type>
  <Position type_id="opencv-matrix">
    <rows>20</rows>
    <cols>1</cols>
    <dt>"2i"</dt>
    <data>
      1279 811 1251 786 1223 761 1195 736 1167 711 1140 686 1112 661
      1084 636 1056 611 1028 586 1000 561 972 536 944 511 916 486 888
      461 860 436 832 411 804 386 776 361 749 336</data></Position></Frame00000Target00002>
<Frame00001TargetNumber>3.</Frame00001TargetNumber>
<Frame00001Target00000>
  <Type>"白色实线"</Type>
  <Position type_id="opencv-matrix">
    <rows>20</rows>
    <cols>1</cols>
    <dt>"2i"</dt>
    <data>
      1 513 32 503 63 493 94 483 125 473 156 463 187 453 217 443 248 433
      279 423 310 413 341 403 372 393 403 383 434 373 465 363 495 353
      526 343 557 333 588 323</data></Position></Frame00001Target00000>
<Frame00001Target00001>
  <Type>"白色实线"</Type>
  <Position type_id="opencv-matrix">
    <rows>20</rows>
    <cols>1</cols>
    <dt>"2i"</dt>
    <data>
      0 872 34 844 67 816 101 788 134 760 167 732 201 704 234 676 267
      648 301 620 334 592 367 564 401 536 434 508 468 480 501 452 534
      424 568 396 601 368 634 340</data></Position></Frame00001Target00001>
<Frame00001Target00002>
  <Type>"白色实线"</Type>
  <Position type_id="opencv-matrix">
    <rows>20</rows>
    <cols>1</cols>
    <dt>"2i"</dt>
    <data>
      1279 807 1252 783 1224 759 1197 735 1170 711 1143 687 1115 663
      1088 639 1061 615 1034 591 1006 567 979 543 952 519 925 495 897
      471 870 447 843 423 815 399 788 375 761 351</data></Position></Frame00001Target00002>
<Frame00002TargetNumber>3.</Frame00002TargetNumber>
<Frame00002Target00000>
  <Type>"白色实线"</Type>
  <Position type_id="opencv-matrix">
    <rows>20</rows>
    <cols>1</cols>
    <dt>"2i"</dt>
    <data>
      2 514 32 504 62 494 93 484 123 474 153 464 184 454 214 444 244 434
      275 424 305 414 335 404 366 394 396 384 426 374 457 364 487 354
      517 344 548 334 578 324</data></Position></Frame00002Target00000>
<Frame00002Target00001>
  <Type>"白色实线"</Type>
  <Position type_id="opencv-matrix">
    <rows>20</rows>
    <cols>1</cols>
    <dt>"2i"</dt>
    <data>
      0 875 33 847 66 819 99 791 132 763 165 735 198 707 231 679 265 651
      298 623 331 595 364 567 397 539 430 511 463 483 496 455 529 427
      562 399 595 371 628 343</data></Position></Frame00002Target00001>
<Frame00002Target00002>
  <Type>"白色实线"</Type>
  <Position type_id="opencv-matrix">
    <rows>20</rows>
    <cols>1</cols>
    <dt>"2i"</dt>
    <data>
      1279 801 1251 777 1223 753 1195 729 1167 705 1139 681 1111 657
      1083 633 1055 609 1027 585 999 561 971 537 943 513 915 489 887 465
      859 441 831 417 803 393 776 369 748 345</data></Position></Frame00002Target00002>
<Frame00003TargetNumber>3.</Frame00003TargetNumber>
<Frame00003Target00000>
  <Type>"白色实线"</Type>
  <Position type_id="opencv-matrix">
    <rows>20</rows>
    <cols>1</cols>
    <dt>"2i"</dt>
    <data>
      0 513 31 503 62 493 93 483 123 473 154 463 185 453 216 443 246 433
      277 423 308 413 339 403 369 393 400 383 431 373 462 363 493 353
      523 343 554 333 585 323</data></Position></Frame00003Target00000>
<Frame00003Target00001>
  <Type>"白色实线"</Type>
  <Position type_id="opencv-matrix">
    <rows>20</rows>
    <cols>1</cols>
    <dt>"2i"</dt>
    <data>
      0 882 32 854 65 826 97 798 130 770 162 742 195 714 227 686 260 658
      293 630 325 602 358 574 390 546 423 518 455 490 488 462 520 434
      553 406 585 378 618 350</data></Position></Frame00003Target00001>
<Frame00003Target00002>
  <Type>"白色实线"</Type>
  <Position type_id="opencv-matrix">
    <rows>20</rows>
    <cols>1</cols>
    <dt>"2i"</dt>
    <data>
      1279 808 1251 783 1224 758 1196 733 1168 708 1140 683 1113 658
      1085 633 1057 608 1029 583 1002 558 974 533 946 508 918 483 891
      458 863 433 835 408 807 383 780 358 752 333</data></Position></Frame00003Target00002>
<Frame00004TargetNumber>3.</Frame00004TargetNumber>
<Frame00004Target00000>
  <Type>"白色实线"</Type>
  <Position type_id="opencv-matrix">
    <rows>20</rows>
    <cols>1</cols>
    <dt>"2i"</dt>
    <data>
      0 513 31 503 62 493 93 483 124 473 155 463 186 453 217 443 248 433
      279 423 311 413 342 403 373 393 404 383 435 373 466 363 497 353
      528 343 559 333 590 323</data></Position></Frame00004Target00000>
<Frame00004Target00001>
  <Type>"白色实线"</Type>
  <Position type_id="opencv-matrix">
    <rows>20</rows>
    <cols>1</cols>
    <dt>"2i"</dt>
    <data>
      0 887 32 859 65 831 97 803 129 775 161 747 193 719 225 691 257 663
      289 635 321 607 353 579 385 551 417 523 450 495 482 467 514 439
      546 411 578 383 610 355</data></Position></Frame00004Target00001>
<Frame00004Target00002>
  <Type>"白色实线"</Type>
  <Position type_id="opencv-matrix">
    <rows>20</rows>
    <cols>1</cols>
    <dt>"2i"</dt>
    <data>
      1279 806 1252 782 1225 758 1198 734 1171 710 1144 686 1117 662
      1090 638 1063 614 1036 590 1009 566 982 542 955 518 928 494 901
      470 874 446 847 422 820 398 793 374 766 350</data></Position></Frame00004Target00002>
<Frame00005TargetNumber>3.</Frame00005TargetNumber>
<Frame00005Target00000>
  <Type>"白色实线"</Type>
  <Position type_id="opencv-matrix">
    <rows>20</rows>
    <cols>1</cols>
    <dt>"2i"</dt>
    <data>
      1 510 32 500 63 490 93 480 124 470 155 460 185 450 216 440 246 430
      277 420 308 410 338 400 369 390 399 380 430 370 461 360 491 350
      522 340 553 330 583 320</data></Position></Frame00005Target00000>
<Frame00005Target00001>
  <Type>"白色实线"</Type>
  <Position type_id="opencv-matrix">
    <rows>20</rows>
    <cols>1</cols>
    <dt>"2i"</dt>
    <data>
      1 879 33 851 65 823 98 795 130 767 162 739 195 711 227 683 259 655
      292 627 324 599 356 571 389 543 421 515 453 487 486 459 518 431
      550 403 583 375 615 347</data></Position></Frame00005Target00001>
<Frame00005Target00002>
  <Type>"白色实线"</Type>
  <Position type_id="opencv-matrix">
    <rows>20</rows>
    <cols>1</cols>
    <dt>"2i"</dt>
    <data>
      1279 799 1252 775 1224 751 1196 727 1169 703 1141 679 1114 655
      1086 631 1058 607 1031 583 1003 559 976 535 948 511 920 487 893
      463 865 439 838 415 810 391 782 367 755 343</data></Position></Frame00005Target00002>
<Frame00006TargetNumber>3.</Frame00006TargetNumber>
<Frame00006Target00000>
  <Type>"白色实线"</Type>
  <Position type_id="opencv-matrix">
    <rows>20</rows>
    <cols>1</cols>
    <dt>"2i"</dt>
    <data>
      1 509 32 499 63 489 94 479 125 469 156 459 187 449 218 439 249 429
      280 419 311 409 342 399 372 389 403 379 434 369 465 359 496 349
      527 339 558 329 589 319</data></Position></Frame00006Target00000>
