<?xml version="1.0" encoding="zh_CN.UTF-8"?>
<opencv_storage>
<Frame00000TargetNumber>4.</Frame00000TargetNumber>
<Frame00000Target00000>
  <Type>"白色虚线"</Type>
  <Position type_id="opencv-matrix">
    <rows>20</rows>
    <cols>1</cols>
    <dt>"2i"</dt>
    <data>
      1 799 32 775 64 751 95 727 127 703 158 679 190 655 221 631 253 607
      284 583 316 559 348 535 379 511 411 487 442 463 474 439 505 415
      537 391 568 367 600 343</data></Position></Frame00000Target00000>
<Frame00000Target00001>
  <Type>"白色虚线"</Type>
  <Position type_id="opencv-matrix">
    <rows>20</rows>
    <cols>1</cols>
    <dt>"2i"</dt>
    <data>
      0 891 32 862 64 833 96 804 128 775 160 746 192 717 224 688 256 659
      288 630 320 601 352 572 384 543 416 514 448 485 480 456 512 427
      544 398 576 369 608 340</data></Position></Frame00000Target00001>
<Frame00000Target00002>
  <Type>"白色实线"</Type>
  <Position type_id="opencv-matrix">
    <rows>3</rows>
    <cols>1</cols>
    <dt>"2i"</dt>
    <data>
      1200 1024 1170 989 1140 954</data></Position></Frame00000Target00002>
<Frame00000Target00003>
  <Type>"白色虚线"</Type>
  <Position type_id="opencv-matrix">
    <rows>20</rows>
    <cols>1</cols>
    <dt>"2i"</dt>
    <data>
      1279 797 1245 773 1212 749 1179 725 1145 701 1112 677 1079 653
      1045 629 1012 605 979 581 945 557 912 533 879 509 845 485 812 461
      779 437 745 413 712 389 679 365 646 341</data></Position></Frame00000Target00003>
<Frame00001TargetNumber>4.</Frame00001TargetNumber>
<Frame00001Target00000>
  <Type>"白色实线"</Type>
  <Position type_id="opencv-matrix">
    <rows>20</rows>
    <cols>1</cols>
    <dt>"2i"</dt>
    <data>
      0 859 31 832 61 805 92 778 123 751 153 724 184 697 215 670 245 643
      276 616 306 589 337 562 368 535 398 508 429 481 460 454 490 427
      521 400 552 373 582 346</data></Position></Frame00001Target00000>
<Frame00001Target00001>
  <Type>"白色虚线"</Type>
  <Position type_id="opencv-matrix">
    <rows>20</rows>
    <cols>1</cols>
    <dt>"2i"</dt>
    <data>
      124 1024 147 989 169 954 192 919 214 884 237 849 259 814 282 779
      304 744 327 709 350 674 372 639 395 604 417 569 440 534 462 499
      485 464 507 429 530 394 552 359</data></Position></Frame00001Target00001>
<Frame00001Target00002>
  <Type>"白色实线"</Type>
  <Position type_id="opencv-matrix">
    <rows>3</rows>
    <cols>1</cols>
    <dt>"2i"</dt>
    <data>
      1200 1024 1170 989 1140 954</data></Position></Frame00001Target00002>
<Frame00001Target00003>
  <Type>"白色实线"</Type>
  <Position type_id="opencv-matrix">
    <rows>20</rows>
    <cols>1</cols>
    <dt>"2i"</dt>
    <data>
      1279 802 1246 778 1214 754 1181 730 1149 706 1116 682 1084 658
      1051 634 1019 610 986 586 954 562 922 538 889 514 857 490 824 466
      792 442 759 418 727 394 694 370 662 346</data></Position></Frame00001Target00003>
<Frame00002TargetNumber>4.</Frame00002TargetNumber>
<Frame00002Target00000>
  <Type>"白色实线"</Type>
  <Position type_id="opencv-matrix">
    <rows>20</rows>
    <cols>1</cols>
    <dt>"2i"</dt>
    <data>
      0 852 32 825 63 798 95 771 126 744 157 717 189 690 220 663 252 636
      283 609 315 582 346 555 377 528 409 501 440 474 472 447 503 420
      534 393 566 366 597 339</data></Position></Frame00002Target00000>
<Frame00002Target00001>
  <Type>"白色实线"</Type>
  <Position type_id="opencv-matrix">
    <rows>3</rows>
    <cols>1</cols>
    <dt>"2i"</dt>
    <data>
      1200 1024 1170 989 1140 954</data></Position></Frame00002Target00001>
<Frame00002Target00002>
  <Type>"白色虚线"</Type>
  <Position type_id="opencv-matrix">
    <rows>20</rows>
    <cols>1</cols>
    <dt>"2i"</dt>
    <data>
      1278 811 1245 786 1212 761 1178 736 1145 711 1111 686 1078 661
      1045 636 1011 611 978 586 944 561 911 536 878 511 844 486 811 461
      778 436 744 411 711 386 677 361 644 336</data></Position></Frame00002Target00002>
<Frame00002Target00003>
  <Type>"白色虚线"</Type>
  <Position type_id="opencv-matrix">
    <rows>20</rows>
    <cols>1</cols>
    <dt>"2i"</dt>
    <data>
      1277 585 1237 572 1198 559 1159 546 1120 533 1080 520 1041 507
      1002 494 963 481 923 468 884 455 845 442 805 429 766 416 727 403
      688 390 648 377 609 364 570 351 531 338</data></Position></Frame00002Target00003>
<Frame00003TargetNumber>3.</Frame00003TargetNumber>
<Frame00003Target00000>
  <Type>"白色虚线"</Type>
  <Position type_id="opencv-matrix">
    <rows>20</rows>
    <cols>1</cols>
    <dt>"2i"</dt>
    <data>
      0 811 32 786 64 761 96 736 128 711 159 686 191 661 223 636 255 611
      287 586 319 561 351 536 383 511 414 486 446 461 478 436 510 411
      542 386 574 361 606 336</data></Position></Frame00003Target00000>
<Frame00003Target00001>
  <Type>"白色实线"</Type>
  <Position type_id="opencv-matrix">
    <rows>20</rows>
    <cols>1</cols>
    <dt>"2i"</dt>
    <data>
      0 888 32 859 64 830 95 801 127 772 159 743 191 714 222 685 254 656
      286 627 318 598 349 569 381 540 413 511 445 482 476 453 508 424
      540 395 572 366 603 337</data></Position></Frame00003Target00001>
<Frame00003Target00002>
  <Type>"白色实线"</Type>
  <Position type_id="opencv-matrix">
    <rows>20</rows>
    <cols>1</cols>
    <dt>"2i"</dt>
    <data>
      1279 835 1246 809 1213 783 1180 757 1147 731 1114 705 1081 679
      1048 653 1014 627 981 601 948 575 915 549 882 523 849 497 816 471
      782 445 749 419 716 393 683 367 650 341</data></Position></Frame00003Target00002>
<Frame00004TargetNumber>4.</Frame00004TargetNumber>
<Frame00004Target00000>
  <Type>"白色实线"</Type>
  <Position type_id="opencv-matrix">
    <rows>20</rows>
    <cols>1</cols>
    <dt>"2i"</dt>
    <data>
      0 866 31 839 63 812 95 785 126 758 158 731 189 704 221 677 253 650
      284 623 316 596 347 569 379 542 410 515 442 488 474 461 505 434
      537 407 568 380 600 353</data></Position></Frame00004Target00000>
<Frame00004Target00001>
  <Type>"白色实线"</Type>
  <Position type_id="opencv-matrix">
    <rows>20</rows>
    <cols>1</cols>
    <dt>"2i"</dt>
    <data>
      1278 729 1242 708 1206 687 1170 666 1134 645 1098 624 1062 603
      1026 582 990 561 954 540 918 519 882 498 846 477 810 456 774 435
      738 414 702 393 666 372 630 351 594 330</data></Position></Frame00004Target00001>
<Frame00004Target00002>
  <Type>"白色虚线"</Type>
  <Position type_id="opencv-matrix">
    <rows>20</rows>
    <cols>1</cols>
    <dt>"2i"</dt>
    <data>
      1279 857 1246 830 1212 803 1179 776 1145 749 1112 722 1078 695
      1045 668 1011 641 978 614 944 587 911 560 877 533 844 506 810 479
      777 452 743 425 709 398 676 371 642 344</data></Position></Frame00004Target00002>
<Frame00004Target00003>
  <Type>"白色虚线"</Type>
  <Position type_id="opencv-matrix">
    <rows>20</rows>
    <cols>1</cols>
    <dt>"2i"</dt>
    <data>
      1279 680 1243 662 1207 644 1172 626 1136 608 1100 590 1065 572
      1029 554 993 536 958 518 922 500 886 482 851 464 815 446 779 428
      744 410 708 392 672 374 637 356 601 338</data></Position></Frame00004Target00003>
<Frame00005TargetNumber>4.</Frame00005TargetNumber>
<Frame00005Target00000>
  <Type>"白色实线"</Type>
  <Position type_id="opencv-matrix">
    <rows>20</rows>
    <cols>1</cols>
    <dt>"2i"</dt>
    <data>
      0 883 31 855 63 827 95 799 127 771 159 743 191 715 222 687 254 659
      286 631 318 603 350 575 382 547 413 519 445 491 477 463 509 435
      541 407 573 379 604 351</data></Position></Frame00005Target00000>
<Frame00005Target00001>
  <Type>"白色实线"</Type>
  <Position type_id="opencv-matrix">
    <rows>3</rows>
    <cols>1</cols>
    <dt>"2i"</dt>
    <data>
      1200 1024 1170 989 1140 954</data></Position></Frame00005Target00001>
