<?xml version="1.0" encoding="zh_CN.UTF-8"?>
<opencv_storage>
<Frame00000TargetNumber>4.</Frame00000TargetNumber>
<Frame00000Target00000>
  <Type>"白色虚线"</Type>
  <Position type_id="opencv-matrix">
    <rows>20</rows>
    <cols>1</cols>
    <dt>"2i"</dt>
    <data>
      0 543 30 532 59 521 88 510 118 499 147 488 176 477 206 466 235 455
      264 444 294 433 323 422 352 411 382 400 411 389 440 378 470 367
      499 356 528 345 558 334</data></Position></Frame00000Target00000>
<Frame00000Target00001>
  <Type>"白色虚线"</Type>
  <Position type_id="opencv-matrix">
    <rows>20</rows>
    <cols>1</cols>
    <dt>"2i"</dt>
    <data>
      170 1024 194 989 218 954 242 919 266 884 290 849 314 814 338 779
      362 744 386 709 410 674 434 639 458 604 482 569 506 534 530 499
      554 464 578 429 602 394 626 359</data></Position></Frame00000Target00001>
<Frame00000Target00002>
  <Type>"白色虚线"</Type>
  <Position type_id="opencv-matrix">
    <rows>20</rows>
    <cols>1</cols>
    <dt>"2i"</dt>
    <data>
      1279 782 1250 759 1222 736 1194 713 1166 690 1138 667 1110 644
      1081 621 1053 598 1025 575 997 552 969 529 941 506 912 483 884 460
      856 437 828 414 800 391 772 368 744 345</data></Position></Frame00000Target00002>
<Frame00000Target00003>
  <Type>"白色实线"</Type>
  <Position type_id="opencv-matrix">
    <rows>20</rows>
    <cols>1</cols>
    <dt>"2i"</dt>
    <data>
      1277 471 1250 463 1224 455 1197 447 1171 439 1145 431 1118 423
      1092 415 1065 407 1039 399 1012 391 986 383 960 375 933 367 907
      359 880 351 854 343 827 335 801 327 775 319</data></Position></Frame00000Target00003>
<Frame00001TargetNumber>4.</Frame00001TargetNumber>
<Frame00001Target00000>
  <Type>"白色实线"</Type>
  <Position type_id="opencv-matrix">
    <rows>20</rows>
    <cols>1</cols>
    <dt>"2i"</dt>
    <data>
      0 553 30 541 61 529 91 517 122 505 153 493 183 481 214 469 244 457
      275 445 305 433 336 421 367 409 397 397 428 385 458 373 489 361
      520 349 550 337 581 325</data></Position></Frame00001Target00000>
<Frame00001Target00001>
  <Type>"白色实线"</Type>
  <Position type_id="opencv-matrix">
    <rows>20</rows>
    <cols>1</cols>
    <dt>"2i"</dt>
    <data>
      173 1024 197 989 221 954 245 919 269 884 292 849 316 814 340 779
      364 744 387 709 411 674 435 639 459 604 483 569 506 534 530 499
      554 464 578 429 602 394 625 359</data></Position></Frame00001Target00001>
<Frame00001Target00002>
  <Type>"白色虚线"</Type>
  <Position type_id="opencv-matrix">
    <rows>20</rows>
    <cols>1</cols>
    <dt>"2i"</dt>
    <data>
      1279 779 1250 756 1222 733 1194 710 1166 687 1137 664 1109 641
      1081 618 1052 595 1024 572 996 549 967 526 939 503 911 480 882 457
      854 434 826 411 798 388 769 365 741 342</data></Position></Frame00001Target00002>
<Frame00001Target00003>
  <Type>"白色实线"</Type>
  <Position type_id="opencv-matrix">
    <rows>20</rows>
    <cols>1</cols>
    <dt>"2i"</dt>
    <data>
      1279 472 1253 464 1227 456 1200 448 1174 440 1148 432 1121 424
      1095 416 1069 408 1043 400 1016 392 990 384 964 376 937 368 911
      360 885 352 859 344 832 336 806 328 780 320</data></Position></Frame00001Target00003>
<Frame00002TargetNumber>4.</Frame00002TargetNumber>
<Frame00002Target00000>
  <Type>"白色虚线"</Type>
  <Position type_id="opencv-matrix">
    <rows>20</rows>
    <cols>1</cols>
    <dt>"2i"</dt>
    <data>
      0 553 30 541 60 529 91 517 121 505 152 493 182 481 213 469 243 457
      273 445 304 433 334 421 365 409 395 397 426 385 456 373 486 361
      517 349 547 337 578 325</data></Position></Frame00002Target00000>
<Frame00002Target00001>
  <Type>"白色虚线"</Type>
  <Position type_id="opencv-matrix">
    <rows>20</rows>
    <cols>1</cols>
    <dt>"2i"</dt>
    <data>
      160 1024 185 989 209 954 234 919 258 884 283 849 307 814 332 779
      356 744 381 709 405 674 430 639 454 604 479 569 503 534 528 499
      552 464 577 429 602 394 626 359</data></Position></Frame00002Target00001>
<Frame00002Target00002>
  <Type>"白色虚线"</Type>
  <Position type_id="opencv-matrix">
    <rows>20</rows>
    <cols>1</cols>
    <dt>"2i"</dt>
    <data>
      1279 781 1251 758 1223 735 1195 712 1167 689 1139 666 1110 643
      1082 620 1054 597 1026 574 998 551 970 528 942 505 914 482 886 459
      858 436 829 413 801 390 773 367 745 344</data></Position></Frame00002Target00002>
<Frame00002Target00003>
  <Type>"白色实线"</Type>
  <Position type_id="opencv-matrix">
    <rows>20</rows>
    <cols>1</cols>
    <dt>"2i"</dt>
    <data>
      1278 471 1252 463 1226 455 1199 447 1173 439 1147 431 1121 423
      1094 415 1068 407 1042 399 1016 391 989 383 963 375 937 367 910
      359 884 351 858 343 832 335 805 327 779 319</data></Position></Frame00002Target00003>
<Frame00003TargetNumber>4.</Frame00003TargetNumber>
<Frame00003Target00000>
  <Type>"白色虚线"</Type>
  <Position type_id="opencv-matrix">
    <rows>20</rows>
    <cols>1</cols>
    <dt>"2i"</dt>
    <data>
      2 402 28 398 54 394 79 390 105 386 131 382 157 378 183 374 208 370
      234 366 260 362 286 358 312 354 337 350 363 346 389 342 415 338
      441 334 466 330 492 326</data></Position></Frame00003Target00000>
<Frame00003Target00001>
  <Type>"白色虚线"</Type>
  <Position type_id="opencv-matrix">
    <rows>20</rows>
    <cols>1</cols>
    <dt>"2i"</dt>
    <data>
      169 1024 193 989 216 954 240 919 264 884 288 849 312 814 336 779
      360 744 384 709 408 674 432 639 455 604 479 569 503 534 527 499
      551 464 575 429 599 394 623 359</data></Position></Frame00003Target00001>
<Frame00003Target00002>
  <Type>"白色虚线"</Type>
  <Position type_id="opencv-matrix">
    <rows>20</rows>
    <cols>1</cols>
    <dt>"2i"</dt>
    <data>
      1279 794 1250 770 1222 746 1194 722 1166 698 1137 674 1109 650
      1081 626 1053 602 1024 578 996 554 968 530 940 506 911 482 883 458
      855 434 827 410 798 386 770 362 742 338</data></Position></Frame00003Target00002>
<Frame00003Target00003>
  <Type>"白色实线"</Type>
  <Position type_id="opencv-matrix">
    <rows>20</rows>
    <cols>1</cols>
    <dt>"2i"</dt>
    <data>
      1279 471 1253 463 1227 455 1201 447 1175 439 1149 431 1123 423
      1097 415 1071 407 1045 399 1019 391 993 383 966 375 940 367 914
      359 888 351 862 343 836 335 810 327 784 319</data></Position></Frame00003Target00003>
<Frame00004TargetNumber>4.</Frame00004TargetNumber>
<Frame00004Target00000>
  <Type>"白色虚线"</Type>
  <Position type_id="opencv-matrix">
    <rows>20</rows>
    <cols>1</cols>
    <dt>"2i"</dt>
    <data>
      2 431 30 425 58 419 86 413 114 407 143 401 171 395 199 389 227 383
      255 377 284 371 312 365 340 359 368 353 396 347 425 341 453 335
      481 329 509 323 537 317</data></Position></Frame00004Target00000>
<Frame00004Target00001>
  <Type>"白色虚线"</Type>
  <Position type_id="opencv-matrix">
    <rows>20</rows>
    <cols>1</cols>
    <dt>"2i"</dt>
    <data>
      184 1024 207 989 231 954 254 919 277 884 300 849 323 814 346 779
      369 744 392 709 416 674 439 639 462 604 485 569 508 534 531 499
      554 464 577 429 600 394 624 359</data></Position></Frame00004Target00001>
<Frame00004Target00002>
  <Type>"白色虚线"</Type>
  <Position type_id="opencv-matrix">
    <rows>20</rows>
    <cols>1</cols>
    <dt>"2i"</dt>
    <data>
      1279 790 1251 766 1222 742 1193 718 1165 694 1136 670 1107 646
      1078 622 1050 598 1021 574 992 550 964 526 935 502 906 478 878 454
      849 430 820 406 791 382 763 358 734 334</data></Position></Frame00004Target00002>
