<?xml version="1.0" encoding="zh_CN.UTF-8"?>
<opencv_storage>
<Frame00000TargetNumber>4.</Frame00000TargetNumber>
<Frame00000Target00000>
  <Type>"白色实线"</Type>
  <Position type_id="opencv-matrix">
    <rows>20</rows>
    <cols>1</cols>
    <dt>"2i"</dt>
    <data>
      0 663 55 646 111 629 167 612 223 595 279 578 334 561 390 544 446
      527 502 510 558 493 613 476 669 459 725 442 781 425 837 408 892
      391 948 374 1004 357 1060 340</data></Position></Frame00000Target00000>
<Frame00000Target00001>
  <Type>"白色实线"</Type>
  <Position type_id="opencv-matrix">
    <rows>3</rows>
    <cols>1</cols>
    <dt>"2i"</dt>
    <data>
      1200 1024 1170 989 1140 954</data></Position></Frame00000Target00001>
<Frame00000Target00002>
  <Type>"白色实线"</Type>
  <Position type_id="opencv-matrix">
    <rows>20</rows>
    <cols>1</cols>
    <dt>"2i"</dt>
    <data>
      1279 710 1260 690 1241 670 1221 650 1202 630 1183 610 1163 590
      1144 570 1124 550 1105 530 1086 510 1066 490 1047 470 1028 450
      1008 430 989 410 969 390 950 370 931 350 911 330</data></Position></Frame00000Target00002>
<Frame00000Target00003>
  <Type>"白色实线"</Type>
  <Position type_id="opencv-matrix">
    <rows>20</rows>
    <cols>1</cols>
    <dt>"2i"</dt>
    <data>
      1277 489 1250 480 1223 471 1196 462 1169 453 1142 444 1115 435
      1088 426 1061 417 1034 408 1007 399 980 390 953 381 926 372 899
      363 872 354 845 345 818 336 791 327 763 318</data></Position></Frame00000Target00003>
<Frame00001TargetNumber>3.</Frame00001TargetNumber>
<Frame00001Target00000>
  <Type>"白色虚线"</Type>
  <Position type_id="opencv-matrix">
    <rows>20</rows>
    <cols>1</cols>
    <dt>"2i"</dt>
    <data>
      1 669 56 651 111 633 165 615 220 597 275 579 330 561 384 543 439
      525 494 507 549 489 603 471 658 453 713 435 768 417 823 399 877
      381 932 363 987 345 1042 327</data></Position></Frame00001Target00000>
<Frame00001Target00001>
  <Type>"白色实线"</Type>
  <Position type_id="opencv-matrix">
    <rows>3</rows>
    <cols>1</cols>
    <dt>"2i"</dt>
    <data>
      1200 1024 1170 989 1140 954</data></Position></Frame00001Target00001>
<Frame00001Target00002>
  <Type>"白色虚线"</Type>
  <Position type_id="opencv-matrix">
    <rows>20</rows>
    <cols>1</cols>
    <dt>"2i"</dt>
    <data>
      1278 589 1249 575 1220 561 1192 547 1163 533 1134 519 1105 505
      1077 491 1048 477 1019 463 990 449 961 435 933 421 904 407 875 393
      846 379 817 365 789 351 760 337 731 323</data></Position></Frame00001Target00002>
<Frame00002TargetNumber>3.</Frame00002TargetNumber>
<Frame00002Target00000>
  <Type>"白色实线"</Type>
  <Position type_id="opencv-matrix">
    <rows>20</rows>
    <cols>1</cols>
    <dt>"2i"</dt>
    <data>
      1 696 57 677 112 658 167 639 223 620 278 601 333 582 389 563 444
      544 499 525 554 506 610 487 665 468 720 449 776 430 831 411 886
      392 942 373 997 354 1052 335</data></Position></Frame00002Target00000>
<Frame00002Target00001>
  <Type>"白色虚线"</Type>
  <Position type_id="opencv-matrix">
    <rows>20</rows>
    <cols>1</cols>
    <dt>"2i"</dt>
    <data>
      399 1024 425 989 451 954 477 919 503 884 529 849 555 814 581 779
      608 744 634 709 660 674 686 639 712 604 738 569 764 534 790 499
      816 464 843 429 869 394 895 359</data></Position></Frame00002Target00001>
<Frame00002Target00002>
  <Type>"白色实线"</Type>
  <Position type_id="opencv-matrix">
    <rows>20</rows>
    <cols>1</cols>
    <dt>"2i"</dt>
    <data>
      1279 637 1251 621 1224 605 1196 589 1168 573 1141 557 1113 541
      1086 525 1058 509 1031 493 1003 477 975 461 948 445 920 429 893
      413 865 397 838 381 810 365 783 349 755 333</data></Position></Frame00002Target00002>
<Frame00003TargetNumber>3.</Frame00003TargetNumber>
<Frame00003Target00000>
  <Type>"白色实线"</Type>
  <Position type_id="opencv-matrix">
    <rows>20</rows>
    <cols>1</cols>
    <dt>"2i"</dt>
    <data>
      0 700 52 681 105 662 158 643 210 624 263 605 316 586 369 567 421
      548 474 529 527 510 579 491 632 472 685 453 737 434 790 415 843
      396 896 377 948 358 1001 339</data></Position></Frame00003Target00000>
<Frame00003Target00001>
  <Type>"白色实线"</Type>
  <Position type_id="opencv-matrix">
    <rows>3</rows>
    <cols>1</cols>
    <dt>"2i"</dt>
    <data>
      1200 1024 1170 989 1140 954</data></Position></Frame00003Target00001>
<Frame00003Target00002>
  <Type>"白色实线"</Type>
  <Position type_id="opencv-matrix">
    <rows>20</rows>
    <cols>1</cols>
    <dt>"2i"</dt>
    <data>
      1278 676 1255 658 1232 640 1209 622 1186 604 1163 586 1140 568
      1117 550 1094 532 1071 514 1048 496 1025 478 1002 460 979 442 956
      424 933 406 910 388 887 370 864 352 841 334</data></Position></Frame00003Target00002>
<Frame00004TargetNumber>3.</Frame00004TargetNumber>
<Frame00004Target00000>
  <Type>"白色实线"</Type>
  <Position type_id="opencv-matrix">
    <rows>20</rows>
    <cols>1</cols>
    <dt>"2i"</dt>
    <data>
      2 698 55 679 107 660 160 641 213 622 265 603 318 584 371 565 423
      546 476 527 529 508 581 489 634 470 687 451 739 432 792 413 845
      394 897 375 950 356 1003 337</data></Position></Frame00004Target00000>
<Frame00004Target00001>
  <Type>"白色实线"</Type>
  <Position type_id="opencv-matrix">
    <rows>20</rows>
    <cols>1</cols>
    <dt>"2i"</dt>
    <data>
      0 641 57 625 115 609 173 593 231 577 289 561 347 545 405 529 463
      513 521 497 579 481 637 465 695 449 753 433 811 417 869 401 927
      385 984 369 1042 353 1100 337</data></Position></Frame00004Target00001>
<Frame00004Target00002>
  <Type>"白色实线"</Type>
  <Position type_id="opencv-matrix">
    <rows>20</rows>
    <cols>1</cols>
    <dt>"2i"</dt>
    <data>
      1279 673 1254 655 1229 637 1205 619 1180 601 1155 583 1130 565
      1105 547 1081 529 1056 511 1031 493 1006 475 981 457 957 439 932
      421 907 403 882 385 857 367 833 349 808 331</data></Position></Frame00004Target00002>
<Frame00005TargetNumber>2.</Frame00005TargetNumber>
<Frame00005Target00000>
  <Type>"白色实线"</Type>
  <Position type_id="opencv-matrix">
    <rows>20</rows>
    <cols>1</cols>
    <dt>"2i"</dt>
    <data>
      0 697 52 678 104 659 156 640 208 621 260 602 312 583 363 564 415
      545 467 526 519 507 571 488 623 469 675 450 727 431 779 412 830
      393 882 374 934 355 986 336</data></Position></Frame00005Target00000>
<Frame00005Target00001>
  <Type>"白色实线"</Type>
  <Position type_id="opencv-matrix">
    <rows>20</rows>
    <cols>1</cols>
    <dt>"2i"</dt>
    <data>
      1279 670 1256 652 1232 634 1209 616 1186 598 1163 580 1139 562
      1116 544 1093 526 1070 508 1047 490 1023 472 1000 454 977 436 954
      418 931 400 907 382 884 364 861 346 838 328</data></Position></Frame00005Target00001>
<Frame00006TargetNumber>2.</Frame00006TargetNumber>
<Frame00006Target00000>
  <Type>"白色虚线"</Type>
  <Position type_id="opencv-matrix">
    <rows>20</rows>
    <cols>1</cols>
    <dt>"2i"</dt>
    <data>
      1 671 52 653 103 635 155 617 206 599 257 581 308 563 359 545 410
      527 461 509 512 491 563 473 614 455 666 437 717 419 768 401 819
      383 870 365 921 347 972 329</data></Position></Frame00006Target00000>
<Frame00006Target00001>
  <Type>"白色实线"</Type>
  <Position type_id="opencv-matrix">
    <rows>20</rows>
    <cols>1</cols>
    <dt>"2i"</dt>
    <data>
      1279 672 1256 654 1234 636 1211 618 1188 600 1166 582 1143 564
      1121 546 1098 528 1076 510 1053 492 1031 474 1008 456 986 438 963
      420 940 402 918 384 895 366 873 348 850 330</data></Position></Frame00006Target00001>
<Frame00007TargetNumber>2.</Frame00007TargetNumber>
