<?xml version="1.0" encoding="zh_CN.UTF-8"?>
<opencv_storage>
<Frame00000TargetNumber>4.</Frame00000TargetNumber>
<Frame00000Target00000>
  <Type>"白色虚线"</Type>
  <Position type_id="opencv-matrix">
    <rows>20</rows>
    <cols>1</cols>
    <dt>"2i"</dt>
    <data>
      2 480 30 472 57 464 84 456 111 448 139 440 166 432 193 424 220 416
      248 408 275 400 302 392 329 384 357 376 384 368 411 360 438 352
      465 344 493 336 520 328</data></Position></Frame00000Target00000>
<Frame00000Target00001>
  <Type>"白色实线"</Type>
  <Position type_id="opencv-matrix">
    <rows>20</rows>
    <cols>1</cols>
    <dt>"2i"</dt>
    <data>
      0 995 33 961 67 927 100 893 133 859 166 825 199 791 233 757 266
      723 299 689 332 655 365 621 399 587 432 553 465 519 498 485 532
      451 565 417 598 383 631 349</data></Position></Frame00000Target00001>
<Frame00000Target00002>
  <Type>"白色实线"</Type>
  <Position type_id="opencv-matrix">
    <rows>20</rows>
    <cols>1</cols>
    <dt>"2i"</dt>
    <data>
      1279 933 1250 902 1221 871 1192 840 1162 809 1133 778 1104 747
      1075 716 1046 685 1017 654 988 623 959 592 930 561 901 530 872 499
      843 468 814 437 785 406 756 375 727 344</data></Position></Frame00000Target00002>
<Frame00000Target00003>
  <Type>"白色实线"</Type>
  <Position type_id="opencv-matrix">
    <rows>20</rows>
    <cols>1</cols>
    <dt>"2i"</dt>
    <data>
      1279 486 1254 478 1230 470 1205 462 1181 454 1156 446 1132 438
      1107 430 1083 422 1059 414 1034 406 1010 398 985 390 961 382 936
      374 912 366 887 358 863 350 839 342 814 334</data></Position></Frame00000Target00003>
<Frame00001TargetNumber>4.</Frame00001TargetNumber>
<Frame00001Target00000>
  <Type>"白色实线"</Type>
  <Position type_id="opencv-matrix">
    <rows>20</rows>
    <cols>1</cols>
    <dt>"2i"</dt>
    <data>
      3 482 30 474 57 466 83 458 110 450 137 442 164 434 191 426 218 418
      245 410 272 402 298 394 325 386 352 378 379 370 406 362 433 354
      460 346 487 338 514 330</data></Position></Frame00001Target00000>
<Frame00001Target00001>
  <Type>"白色实线"</Type>
  <Position type_id="opencv-matrix">
    <rows>20</rows>
    <cols>1</cols>
    <dt>"2i"</dt>
    <data>
      0 1020 32 985 65 950 97 915 130 880 163 845 195 810 228 775 261
      740 293 705 326 670 359 635 391 600 424 565 457 530 489 495 522
      460 555 425 587 390 620 355</data></Position></Frame00001Target00001>
<Frame00001Target00002>
  <Type>"白色实线"</Type>
  <Position type_id="opencv-matrix">
    <rows>20</rows>
    <cols>1</cols>
    <dt>"2i"</dt>
    <data>
      1279 953 1250 921 1221 889 1193 857 1164 825 1136 793 1107 761
      1078 729 1050 697 1021 665 992 633 964 601 935 569 907 537 878 505
      849 473 821 441 792 409 763 377 735 345</data></Position></Frame00001Target00002>
<Frame00001Target00003>
  <Type>"白色实线"</Type>
  <Position type_id="opencv-matrix">
    <rows>20</rows>
    <cols>1</cols>
    <dt>"2i"</dt>
    <data>
      1279 490 1253 481 1227 472 1202 463 1176 454 1150 445 1124 436
      1098 427 1072 418 1046 409 1020 400 995 391 969 382 943 373 917
      364 891 355 865 346 839 337 814 328 788 319</data></Position></Frame00001Target00003>
<Frame00002TargetNumber>4.</Frame00002TargetNumber>
<Frame00002Target00000>
  <Type>"白色虚线"</Type>
  <Position type_id="opencv-matrix">
    <rows>20</rows>
    <cols>1</cols>
    <dt>"2i"</dt>
    <data>
      1 488 30 479 60 470 89 461 118 452 148 443 177 434 206 425 235 416
      265 407 294 398 323 389 353 380 382 371 411 362 440 353 470 344
      499 335 528 326 558 317</data></Position></Frame00002Target00000>
<Frame00002Target00001>
  <Type>"白色实线"</Type>
  <Position type_id="opencv-matrix">
    <rows>20</rows>
    <cols>1</cols>
    <dt>"2i"</dt>
    <data>
      0 1016 33 981 65 946 98 911 131 876 164 841 197 806 230 771 263
      736 296 701 329 666 361 631 394 596 427 561 460 526 493 491 526
      456 559 421 592 386 624 351</data></Position></Frame00002Target00001>
<Frame00002Target00002>
  <Type>"白色实线"</Type>
  <Position type_id="opencv-matrix">
    <rows>20</rows>
    <cols>1</cols>
    <dt>"2i"</dt>
    <data>
      1279 927 1251 897 1223 867 1196 837 1168 807 1140 777 1112 747
      1084 717 1056 687 1029 657 1001 627 973 597 945 567 917 537 890
      507 862 477 834 447 806 417 778 387 750 357</data></Position></Frame00002Target00002>
<Frame00002Target00003>
  <Type>"白色实线"</Type>
  <Position type_id="opencv-matrix">
    <rows>20</rows>
    <cols>1</cols>
    <dt>"2i"</dt>
    <data>
      1277 490 1250 481 1224 472 1198 463 1171 454 1145 445 1119 436
      1092 427 1066 418 1040 409 1013 400 987 391 961 382 934 373 908
      364 882 355 855 346 829 337 803 328 776 319</data></Position></Frame00002Target00003>
<Frame00003TargetNumber>4.</Frame00003TargetNumber>
<Frame00003Target00000>
  <Type>"白色虚线"</Type>
  <Position type_id="opencv-matrix">
    <rows>20</rows>
    <cols>1</cols>
    <dt>"2i"</dt>
    <data>
      0 486 26 478 53 470 79 462 106 454 133 446 159 438 186 430 212 422
      239 414 266 406 292 398 319 390 345 382 372 374 399 366 425 358
      452 350 478 342 505 334</data></Position></Frame00003Target00000>
<Frame00003Target00001>
  <Type>"白色实线"</Type>
  <Position type_id="opencv-matrix">
    <rows>20</rows>
    <cols>1</cols>
    <dt>"2i"</dt>
    <data>
      0 1020 33 985 65 950 98 915 131 880 164 845 197 810 230 775 263
      740 296 705 328 670 361 635 394 600 427 565 460 530 493 495 526
      460 558 425 591 390 624 355</data></Position></Frame00003Target00001>
<Frame00003Target00002>
  <Type>"白色实线"</Type>
  <Position type_id="opencv-matrix">
    <rows>20</rows>
    <cols>1</cols>
    <dt>"2i"</dt>
    <data>
      1279 928 1250 897 1221 866 1193 835 1164 804 1135 773 1106 742
      1077 711 1048 680 1019 649 990 618 961 587 932 556 903 525 874 494
      845 463 816 432 787 401 758 370 729 339</data></Position></Frame00003Target00002>
<Frame00003Target00003>
  <Type>"白色虚线"</Type>
  <Position type_id="opencv-matrix">
    <rows>20</rows>
    <cols>1</cols>
    <dt>"2i"</dt>
    <data>
      1279 456 1255 449 1231 442 1207 435 1183 428 1158 421 1134 414
      1110 407 1086 400 1062 393 1038 386 1014 379 990 372 965 365 941
      358 917 351 893 344 869 337 845 330 821 323</data></Position></Frame00003Target00003>
<Frame00004TargetNumber>4.</Frame00004TargetNumber>
<Frame00004Target00000>
  <Type>"白色实线"</Type>
  <Position type_id="opencv-matrix">
    <rows>20</rows>
    <cols>1</cols>
    <dt>"2i"</dt>
    <data>
      1 473 29 465 56 457 84 449 112 441 140 433 168 425 196 417 224 409
      252 401 280 393 308 385 336 377 364 369 391 361 419 353 447 345
      475 337 503 329 531 321</data></Position></Frame00004Target00000>
<Frame00004Target00001>
  <Type>"白色实线"</Type>
  <Position type_id="opencv-matrix">
    <rows>20</rows>
    <cols>1</cols>
    <dt>"2i"</dt>
    <data>
      0 1024 31 989 62 954 94 919 126 884 158 849 190 814 222 779 254
      744 286 709 318 674 350 639 382 604 414 569 446 534 478 499 510
      464 542 429 574 394 606 359</data></Position></Frame00004Target00001>
<Frame00004Target00002>
  <Type>"白色实线"</Type>
  <Position type_id="opencv-matrix">
    <rows>20</rows>
    <cols>1</cols>
    <dt>"2i"</dt>
    <data>
      1279 914 1250 884 1221 854 1193 824 1164 794 1135 764 1106 734
      1078 704 1049 674 1020 644 991 614 962 584 934 554 905 524 876 494
      847 464 819 434 790 404 761 374 732 344</data></Position></Frame00004Target00002>
