<?xml version="1.0" encoding="zh_CN.UTF-8"?>
<opencv_storage>
<Frame00000TargetNumber>4.</Frame00000TargetNumber>
<Frame00000Target00000>
  <Type>"黄色实线"</Type>
  <Position type_id="opencv-matrix">
    <rows>20</rows>
    <cols>1</cols>
    <dt>"2i"</dt>
    <data>
      0 546 30 535 59 524 88 513 117 502 146 491 176 480 205 469 234 458
      263 447 292 436 322 425 351 414 380 403 409 392 438 381 468 370
      497 359 526 348 555 337</data></Position></Frame00000Target00000>
<Frame00000Target00001>
  <Type>"白色虚线"</Type>
  <Position type_id="opencv-matrix">
    <rows>20</rows>
    <cols>1</cols>
    <dt>"2i"</dt>
    <data>
      27 1024 59 989 90 954 122 919 154 884 185 849 217 814 248 779 280
      744 312 709 343 674 375 639 407 604 438 569 470 534 502 499 533
      464 565 429 596 394 628 359</data></Position></Frame00000Target00001>
<Frame00000Target00002>
  <Type>"白色实线"</Type>
  <Position type_id="opencv-matrix">
    <rows>20</rows>
    <cols>1</cols>
    <dt>"2i"</dt>
    <data>
      1279 890 1251 861 1223 832 1194 803 1166 774 1138 745 1109 716
      1081 687 1052 658 1024 629 996 600 967 571 939 542 911 513 882 484
      854 455 825 426 797 397 769 368 740 339</data></Position></Frame00000Target00002>
<Frame00000Target00003>
  <Type>"白色虚线"</Type>
  <Position type_id="opencv-matrix">
    <rows>20</rows>
    <cols>1</cols>
    <dt>"2i"</dt>
    <data>
      1278 423 1257 418 1235 413 1213 408 1191 403 1169 398 1147 393
      1126 388 1104 383 1082 378 1060 373 1038 368 1016 363 995 358 973
      353 951 348 929 343 907 338 885 333 864 328</data></Position></Frame00000Target00003>
<Frame00001TargetNumber>4.</Frame00001TargetNumber>
<Frame00001Target00000>
  <Type>"黄色实线"</Type>
  <Position type_id="opencv-matrix">
    <rows>20</rows>
    <cols>1</cols>
    <dt>"2i"</dt>
    <data>
      0 544 29 533 59 522 88 511 118 500 147 489 177 478 206 467 236 456
      265 445 295 434 324 423 354 412 384 401 413 390 443 379 472 368
      502 357 531 346 561 335</data></Position></Frame00001Target00000>
<Frame00001Target00001>
  <Type>"白色虚线"</Type>
  <Position type_id="opencv-matrix">
    <rows>20</rows>
    <cols>1</cols>
    <dt>"2i"</dt>
    <data>
      38 1024 69 989 100 954 131 919 163 884 194 849 225 814 256 779 287
      744 318 709 349 674 380 639 412 604 443 569 474 534 505 499 536
      464 567 429 598 394 629 359</data></Position></Frame00001Target00001>
<Frame00001Target00002>
  <Type>"白色实线"</Type>
  <Position type_id="opencv-matrix">
    <rows>20</rows>
    <cols>1</cols>
    <dt>"2i"</dt>
    <data>
      1279 873 1251 845 1224 817 1197 789 1170 761 1142 733 1115 705
      1088 677 1060 649 1033 621 1006 593 979 565 951 537 924 509 897
      481 870 453 842 425 815 397 788 369 760 341</data></Position></Frame00001Target00002>
<Frame00001Target00003>
  <Type>"白色虚线"</Type>
  <Position type_id="opencv-matrix">
    <rows>20</rows>
    <cols>1</cols>
    <dt>"2i"</dt>
    <data>
      1275 421 1254 416 1232 411 1211 406 1189 401 1167 396 1146 391
      1124 386 1102 381 1081 376 1059 371 1037 366 1016 361 994 356 973
      351 951 346 929 341 908 336 886 331 864 326</data></Position></Frame00001Target00003>
<Frame00002TargetNumber>4.</Frame00002TargetNumber>
<Frame00002Target00000>
  <Type>"黄色实线"</Type>
  <Position type_id="opencv-matrix">
    <rows>20</rows>
    <cols>1</cols>
    <dt>"2i"</dt>
    <data>
      0 528 30 517 59 506 89 495 119 484 149 473 178 462 208 451 238 440
      267 429 297 418 327 407 357 396 386 385 416 374 446 363 476 352
      505 341 535 330 565 319</data></Position></Frame00002Target00000>
<Frame00002Target00001>
  <Type>"白色虚线"</Type>
  <Position type_id="opencv-matrix">
    <rows>20</rows>
    <cols>1</cols>
    <dt>"2i"</dt>
    <data>
      31 1024 62 989 93 954 124 919 154 884 185 849 216 814 247 779 278
      744 309 709 340 674 370 639 401 604 432 569 463 534 494 499 525
      464 556 429 586 394 617 359</data></Position></Frame00002Target00001>
<Frame00002Target00002>
  <Type>"白色实线"</Type>
  <Position type_id="opencv-matrix">
    <rows>20</rows>
    <cols>1</cols>
    <dt>"2i"</dt>
    <data>
      1279 847 1253 821 1227 795 1200 769 1174 743 1148 717 1122 691
      1095 665 1069 639 1043 613 1016 587 990 561 964 535 938 509 911
      483 885 457 859 431 832 405 806 379 780 353</data></Position></Frame00002Target00002>
<Frame00002Target00003>
  <Type>"白色虚线"</Type>
  <Position type_id="opencv-matrix">
    <rows>20</rows>
    <cols>1</cols>
    <dt>"2i"</dt>
    <data>
      1277 407 1259 403 1242 399 1224 395 1207 391 1189 387 1172 383
      1154 379 1137 375 1120 371 1102 367 1085 363 1067 359 1050 355
      1032 351 1015 347 998 343 980 339 963 335 945 331</data></Position></Frame00002Target00003>
<Frame00003TargetNumber>4.</Frame00003TargetNumber>
<Frame00003Target00000>
  <Type>"黄色实线"</Type>
  <Position type_id="opencv-matrix">
    <rows>20</rows>
    <cols>1</cols>
    <dt>"2i"</dt>
    <data>
      0 521 27 511 54 501 82 491 109 481 137 471 164 461 191 451 219 441
      246 431 274 421 301 411 329 401 356 391 383 381 411 371 438 361
      466 351 493 341 521 331</data></Position></Frame00003Target00000>
<Frame00003Target00001>
  <Type>"白色虚线"</Type>
  <Position type_id="opencv-matrix">
    <rows>20</rows>
    <cols>1</cols>
    <dt>"2i"</dt>
    <data>
      20 1024 51 989 83 954 114 919 145 884 177 849 208 814 240 779 271
      744 302 709 334 674 365 639 397 604 428 569 459 534 491 499 522
      464 554 429 585 394 616 359</data></Position></Frame00003Target00001>
<Frame00003Target00002>
  <Type>"白色实线"</Type>
  <Position type_id="opencv-matrix">
    <rows>20</rows>
    <cols>1</cols>
    <dt>"2i"</dt>
    <data>
      1279 825 1252 800 1226 775 1200 750 1174 725 1148 700 1121 675
      1095 650 1069 625 1043 600 1017 575 990 550 964 525 938 500 912
      475 886 450 859 425 833 400 807 375 781 350</data></Position></Frame00003Target00002>
<Frame00003Target00003>
  <Type>"白色虚线"</Type>
  <Position type_id="opencv-matrix">
    <rows>20</rows>
    <cols>1</cols>
    <dt>"2i"</dt>
    <data>
      1277 403 1259 399 1242 395 1225 391 1207 387 1190 383 1173 379
      1155 375 1138 371 1120 367 1103 363 1086 359 1068 355 1051 351
      1034 347 1016 343 999 339 982 335 964 331 947 327</data></Position></Frame00003Target00003>
<Frame00004TargetNumber>4.</Frame00004TargetNumber>
<Frame00004Target00000>
  <Type>"白色实线"</Type>
  <Position type_id="opencv-matrix">
    <rows>20</rows>
    <cols>1</cols>
    <dt>"2i"</dt>
    <data>
      0 532 29 521 58 510 88 499 117 488 146 477 175 466 204 455 234 444
      263 433 292 422 321 411 350 400 380 389 409 378 438 367 467 356
      497 345 526 334 555 323</data></Position></Frame00004Target00000>
<Frame00004Target00001>
  <Type>"白色虚线"</Type>
  <Position type_id="opencv-matrix">
    <rows>20</rows>
    <cols>1</cols>
    <dt>"2i"</dt>
    <data>
      23 1024 55 989 86 954 118 919 149 884 181 849 213 814 244 779 276
      744 307 709 339 674 371 639 402 604 434 569 465 534 497 499 529
      464 560 429 592 394 623 359</data></Position></Frame00004Target00001>
<Frame00004Target00002>
  <Type>"白色实线"</Type>
  <Position type_id="opencv-matrix">
    <rows>20</rows>
    <cols>1</cols>
    <dt>"2i"</dt>
    <data>
      1279 807 1253 783 1227 759 1200 735 1174 711 1147 687 1121 663
      1095 639 1068 615 1042 591 1015 567 989 543 963 519 936 495 910
      471 883 447 857 423 831 399 804 375 778 351</data></Position></Frame00004Target00002>
