<?xml version="1.0" encoding="zh_CN.UTF-8"?>
<opencv_storage>
<Frame00000TargetNumber>4.</Frame00000TargetNumber>
<Frame00000Target00000>
  <Type>"白色实线"</Type>
  <Position type_id="opencv-matrix">
    <rows>20</rows>
    <cols>1</cols>
    <dt>"2i"</dt>
    <data>
      0 496 34 487 68 478 101 469 135 460 169 451 203 442 236 433 270
      424 304 415 337 406 371 397 405 388 438 379 472 370 506 361 540
      352 573 343 607 334 641 325</data></Position></Frame00000Target00000>
<Frame00000Target00001>
  <Type>"白色虚线"</Type>
  <Position type_id="opencv-matrix">
    <rows>20</rows>
    <cols>1</cols>
    <dt>"2i"</dt>
    <data>
      0 667 32 650 64 633 96 616 128 599 160 582 192 565 224 548 257 531
      289 514 321 497 353 480 385 463 417 446 449 429 481 412 513 395
      545 378 577 361 609 344</data></Position></Frame00000Target00001>
<Frame00000Target00002>
  <Type>"白色实线"</Type>
  <Position type_id="opencv-matrix">
    <rows>3</rows>
    <cols>1</cols>
    <dt>"2i"</dt>
    <data>
      1200 1024 1170 989 1140 954</data></Position></Frame00000Target00002>
<Frame00000Target00003>
  <Type>"白色虚线"</Type>
  <Position type_id="opencv-matrix">
    <rows>20</rows>
    <cols>1</cols>
    <dt>"2i"</dt>
    <data>
      1279 531 1257 520 1235 509 1212 498 1190 487 1168 476 1146 465
      1124 454 1101 443 1079 432 1057 421 1035 410 1013 399 990 388 968
      377 946 366 924 355 902 344 879 333 857 322</data></Position></Frame00000Target00003>
<Frame00001TargetNumber>3.</Frame00001TargetNumber>
<Frame00001Target00000>
  <Type>"白色实线"</Type>
  <Position type_id="opencv-matrix">
    <rows>20</rows>
    <cols>1</cols>
    <dt>"2i"</dt>
    <data>
      1 659 37 642 73 625 109 608 145 591 181 574 217 557 253 540 289
      523 325 506 361 489 398 472 434 455 470 438 506 421 542 404 578
      387 614 370 650 353 686 336</data></Position></Frame00001Target00000>
<Frame00001Target00001>
  <Type>"白色实线"</Type>
  <Position type_id="opencv-matrix">
    <rows>20</rows>
    <cols>1</cols>
    <dt>"2i"</dt>
    <data>
      0 981 37 948 74 915 111 882 148 849 185 816 222 783 259 750 296
      717 332 684 369 651 406 618 443 585 480 552 517 519 554 486 591
      453 628 420 665 387 701 354</data></Position></Frame00001Target00001>
<Frame00001Target00002>
  <Type>"白色虚线"</Type>
  <Position type_id="opencv-matrix">
    <rows>20</rows>
    <cols>1</cols>
    <dt>"2i"</dt>
    <data>
      1279 526 1258 516 1238 506 1217 496 1196 486 1175 476 1155 466
      1134 456 1113 446 1093 436 1072 426 1051 416 1030 406 1010 396 989
      386 968 376 947 366 927 356 906 346 885 336</data></Position></Frame00001Target00002>
<Frame00002TargetNumber>2.</Frame00002TargetNumber>
<Frame00002Target00000>
  <Type>"白色实线"</Type>
  <Position type_id="opencv-matrix">
    <rows>20</rows>
    <cols>1</cols>
    <dt>"2i"</dt>
    <data>
      1 646 37 630 73 614 109 598 145 582 181 566 217 550 252 534 288
      518 324 502 360 486 396 470 432 454 468 438 504 422 540 406 576
      390 611 374 647 358 683 342</data></Position></Frame00002Target00000>
<Frame00002Target00001>
  <Type>"白色实线"</Type>
  <Position type_id="opencv-matrix">
    <rows>20</rows>
    <cols>1</cols>
    <dt>"2i"</dt>
    <data>
      80 1024 107 989 135 954 162 919 189 884 216 849 243 814 270 779
      297 744 324 709 351 674 378 639 405 604 432 569 459 534 486 499
      514 464 541 429 568 394 595 359</data></Position></Frame00002Target00001>
<Frame00003TargetNumber>3.</Frame00003TargetNumber>
<Frame00003Target00000>
  <Type>"白色实线"</Type>
  <Position type_id="opencv-matrix">
    <rows>20</rows>
    <cols>1</cols>
    <dt>"2i"</dt>
    <data>
      0 660 37 643 74 626 110 609 147 592 184 575 221 558 258 541 295
      524 332 507 368 490 405 473 442 456 479 439 516 422 553 405 590
      388 627 371 663 354 700 337</data></Position></Frame00003Target00000>
<Frame00003Target00001>
  <Type>"白色虚线"</Type>
  <Position type_id="opencv-matrix">
    <rows>20</rows>
    <cols>1</cols>
    <dt>"2i"</dt>
    <data>
      0 981 36 948 72 915 108 882 144 849 181 816 217 783 253 750 289
      717 325 684 361 651 397 618 433 585 469 552 505 519 541 486 577
      453 613 420 649 387 685 354</data></Position></Frame00003Target00001>
<Frame00003Target00002>
  <Type>"白色实线"</Type>
  <Position type_id="opencv-matrix">
    <rows>3</rows>
    <cols>1</cols>
    <dt>"2i"</dt>
    <data>
      1200 1024 1170 989 1140 954</data></Position></Frame00003Target00002>
<Frame00004TargetNumber>2.</Frame00004TargetNumber>
<Frame00004Target00000>
  <Type>"白色实线"</Type>
  <Position type_id="opencv-matrix">
    <rows>20</rows>
    <cols>1</cols>
    <dt>"2i"</dt>
    <data>
      2 654 38 637 75 620 112 603 149 586 186 569 223 552 260 535 297
      518 333 501 370 484 407 467 444 450 481 433 518 416 555 399 591
      382 628 365 665 348 702 331</data></Position></Frame00004Target00000>
<Frame00004Target00001>
  <Type>"白色实线"</Type>
  <Position type_id="opencv-matrix">
    <rows>20</rows>
    <cols>1</cols>
    <dt>"2i"</dt>
    <data>
      0 1010 36 975 73 940 109 905 146 870 182 835 219 800 255 765 292
      730 328 695 365 660 401 625 438 590 474 555 511 520 547 485 584
      450 620 415 657 380 693 345</data></Position></Frame00004Target00001>
<Frame00005TargetNumber>4.</Frame00005TargetNumber>
<Frame00005Target00000>
  <Type>"白色虚线"</Type>
  <Position type_id="opencv-matrix">
    <rows>20</rows>
    <cols>1</cols>
    <dt>"2i"</dt>
    <data>
      1 494 32 485 64 476 95 467 126 458 157 449 188 440 219 431 250 422
      281 413 312 404 343 395 374 386 405 377 436 368 467 359 498 350
      529 341 560 332 591 323</data></Position></Frame00005Target00000>
<Frame00005Target00001>
  <Type>"白色虚线"</Type>
  <Position type_id="opencv-matrix">
    <rows>20</rows>
    <cols>1</cols>
    <dt>"2i"</dt>
    <data>
      1 677 37 659 72 641 108 623 143 605 179 587 215 569 250 551 286
      533 321 515 357 497 392 479 428 461 464 443 499 425 535 407 570
      389 606 371 642 353 677 335</data></Position></Frame00005Target00001>
<Frame00005Target00002>
  <Type>"白色实线"</Type>
  <Position type_id="opencv-matrix">
    <rows>20</rows>
    <cols>1</cols>
    <dt>"2i"</dt>
    <data>
      0 993 37 959 74 925 111 891 148 857 185 823 222 789 260 755 297
      721 334 687 371 653 408 619 445 585 482 551 519 517 557 483 594
      449 631 415 668 381 705 347</data></Position></Frame00005Target00002>
<Frame00005Target00003>
  <Type>"白色虚线"</Type>
  <Position type_id="opencv-matrix">
    <rows>20</rows>
    <cols>1</cols>
    <dt>"2i"</dt>
    <data>
      1279 538 1258 527 1237 516 1216 505 1195 494 1174 483 1153 472
      1132 461 1111 450 1090 439 1069 428 1048 417 1027 406 1006 395 985
      384 964 373 943 362 922 351 901 340 880 329</data></Position></Frame00005Target00003>
<Frame00006TargetNumber>4.</Frame00006TargetNumber>
<Frame00006Target00000>
  <Type>"白色实线"</Type>
  <Position type_id="opencv-matrix">
    <rows>20</rows>
    <cols>1</cols>
    <dt>"2i"</dt>
    <data>
      1 477 32 469 63 461 93 453 124 445 155 437 186 429 216 421 247 413
      278 405 309 397 339 389 370 381 401 373 432 365 462 357 493 349
      524 341 555 333 586 325</data></Position></Frame00006Target00000>
<Frame00006Target00001>
  <Type>"白色虚线"</Type>
  <Position type_id="opencv-matrix">
    <rows>20</rows>
    <cols>1</cols>
    <dt>"2i"</dt>
    <data>
      0 676 37 658 74 640 111 622 148 604 186 586 223 568 260 550 297
      532 334 514 371 496 409 478 446 460 483 442 520 424 557 406 594
      388 632 370 669 352 706 334</data></Position></Frame00006Target00001>
