<?xml version="1.0" encoding="zh_CN.UTF-8"?>
<opencv_storage>
<Frame00000TargetNumber>4.</Frame00000TargetNumber>
<Frame00000Target00000>
  <Type>"黄色虚线"</Type>
  <Position type_id="opencv-matrix">
    <rows>20</rows>
    <cols>1</cols>
    <dt>"2i"</dt>
    <data>
      2 528 32 517 61 506 91 495 121 484 151 473 181 462 211 451 241 440
      271 429 301 418 331 407 361 396 391 385 421 374 451 363 481 352
      510 341 540 330 570 319</data></Position></Frame00000Target00000>
<Frame00000Target00001>
  <Type>"白色实线"</Type>
  <Position type_id="opencv-matrix">
    <rows>20</rows>
    <cols>1</cols>
    <dt>"2i"</dt>
    <data>
      18 1024 49 989 80 954 111 919 142 884 173 849 204 814 235 779 266
      744 297 709 329 674 360 639 391 604 422 569 453 534 484 499 515
      464 546 429 577 394 608 359</data></Position></Frame00000Target00001>
<Frame00000Target00002>
  <Type>"白色虚线"</Type>
  <Position type_id="opencv-matrix">
    <rows>20</rows>
    <cols>1</cols>
    <dt>"2i"</dt>
    <data>
      1279 851 1250 824 1221 797 1192 770 1163 743 1134 716 1105 689
      1077 662 1048 635 1019 608 990 581 961 554 932 527 903 500 875 473
      846 446 817 419 788 392 759 365 730 338</data></Position></Frame00000Target00002>
<Frame00000Target00003>
  <Type>"白色虚线"</Type>
  <Position type_id="opencv-matrix">
    <rows>20</rows>
    <cols>1</cols>
    <dt>"2i"</dt>
    <data>
      1276 426 1254 421 1231 416 1208 411 1186 406 1163 401 1140 396
      1117 391 1095 386 1072 381 1049 376 1027 371 1004 366 981 361 958
      356 936 351 913 346 890 341 868 336 845 331</data></Position></Frame00000Target00003>
<Frame00001TargetNumber>4.</Frame00001TargetNumber>
<Frame00001Target00000>
  <Type>"黄色虚线"</Type>
  <Position type_id="opencv-matrix">
    <rows>20</rows>
    <cols>1</cols>
    <dt>"2i"</dt>
    <data>
      1 534 31 523 61 512 90 501 120 490 150 479 179 468 209 457 239 446
      268 435 298 424 328 413 357 402 387 391 417 380 446 369 476 358
      506 347 535 336 565 325</data></Position></Frame00001Target00000>
<Frame00001Target00001>
  <Type>"白色实线"</Type>
  <Position type_id="opencv-matrix">
    <rows>20</rows>
    <cols>1</cols>
    <dt>"2i"</dt>
    <data>
      15 1024 46 989 78 954 109 919 141 884 172 849 204 814 235 779 267
      744 298 709 330 674 362 639 393 604 425 569 456 534 488 499 519
      464 551 429 582 394 614 359</data></Position></Frame00001Target00001>
<Frame00001Target00002>
  <Type>"白色虚线"</Type>
  <Position type_id="opencv-matrix">
    <rows>20</rows>
    <cols>1</cols>
    <dt>"2i"</dt>
    <data>
      1279 864 1251 837 1223 810 1195 783 1167 756 1139 729 1110 702
      1082 675 1054 648 1026 621 998 594 970 567 941 540 913 513 885 486
      857 459 829 432 801 405 773 378 744 351</data></Position></Frame00001Target00002>
<Frame00001Target00003>
  <Type>"白色虚线"</Type>
  <Position type_id="opencv-matrix">
    <rows>20</rows>
    <cols>1</cols>
    <dt>"2i"</dt>
    <data>
      715 1024 715 989 715 954 715 919 715 884 715 849 715 814 715 779
      715 744 715 709 715 674 715 639 715 604 715 569 715 534 716 499
      716 464 716 429 716 394 716 359</data></Position></Frame00001Target00003>
<Frame00002TargetNumber>4.</Frame00002TargetNumber>
<Frame00002Target00000>
  <Type>"黄色虚线"</Type>
  <Position type_id="opencv-matrix">
    <rows>20</rows>
    <cols>1</cols>
    <dt>"2i"</dt>
    <data>
      2 534 32 523 61 512 91 501 121 490 151 479 180 468 210 457 240 446
      270 435 299 424 329 413 359 402 389 391 418 380 448 369 478 358
      508 347 537 336 567 325</data></Position></Frame00002Target00000>
<Frame00002Target00001>
  <Type>"白色实线"</Type>
  <Position type_id="opencv-matrix">
    <rows>20</rows>
    <cols>1</cols>
    <dt>"2i"</dt>
    <data>
      22 1024 53 989 84 954 116 919 147 884 178 849 209 814 241 779 272
      744 303 709 334 674 366 639 397 604 428 569 459 534 491 499 522
      464 553 429 584 394 616 359</data></Position></Frame00002Target00001>
<Frame00002Target00002>
  <Type>"白色虚线"</Type>
  <Position type_id="opencv-matrix">
    <rows>20</rows>
    <cols>1</cols>
    <dt>"2i"</dt>
    <data>
      1279 858 1250 831 1221 804 1192 777 1164 750 1135 723 1106 696
      1077 669 1048 642 1019 615 990 588 961 561 933 534 904 507 875 480
      846 453 817 426 788 399 759 372 730 345</data></Position></Frame00002Target00002>
<Frame00002Target00003>
  <Type>"白色虚线"</Type>
  <Position type_id="opencv-matrix">
    <rows>20</rows>
    <cols>1</cols>
    <dt>"2i"</dt>
    <data>
      1276 457 1250 450 1225 443 1199 436 1173 429 1147 422 1122 415
      1096 408 1070 401 1044 394 1018 387 993 380 967 373 941 366 915
      359 889 352 864 345 838 338 812 331 786 324</data></Position></Frame00002Target00003>
<Frame00003TargetNumber>4.</Frame00003TargetNumber>
<Frame00003Target00000>
  <Type>"白色虚线"</Type>
  <Position type_id="opencv-matrix">
    <rows>20</rows>
    <cols>1</cols>
    <dt>"2i"</dt>
    <data>
      1 538 31 527 60 516 90 505 119 494 149 483 178 472 208 461 237 450
      267 439 296 428 326 417 355 406 385 395 414 384 444 373 473 362
      503 351 532 340 561 329</data></Position></Frame00003Target00000>
<Frame00003Target00001>
  <Type>"白色实线"</Type>
  <Position type_id="opencv-matrix">
    <rows>20</rows>
    <cols>1</cols>
    <dt>"2i"</dt>
    <data>
      21 1024 52 989 83 954 115 919 146 884 178 849 209 814 240 779 272
      744 303 709 335 674 366 639 398 604 429 569 460 534 492 499 523
      464 555 429 586 394 617 359</data></Position></Frame00003Target00001>
<Frame00003Target00002>
  <Type>"白色虚线"</Type>
  <Position type_id="opencv-matrix">
    <rows>20</rows>
    <cols>1</cols>
    <dt>"2i"</dt>
    <data>
      1279 867 1250 840 1222 813 1194 786 1166 759 1138 732 1110 705
      1082 678 1054 651 1025 624 997 597 969 570 941 543 913 516 885 489
      857 462 828 435 800 408 772 381 744 354</data></Position></Frame00003Target00002>
<Frame00003Target00003>
  <Type>"白色虚线"</Type>
  <Position type_id="opencv-matrix">
    <rows>20</rows>
    <cols>1</cols>
    <dt>"2i"</dt>
    <data>
      1278 616 1253 601 1228 586 1203 571 1178 556 1153 541 1128 526
      1103 511 1078 496 1053 481 1028 466 1003 451 978 436 953 421 928
      406 903 391 878 376 853 361 828 346 803 331</data></Position></Frame00003Target00003>
<Frame00004TargetNumber>4.</Frame00004TargetNumber>
<Frame00004Target00000>
  <Type>"黄色虚线"</Type>
  <Position type_id="opencv-matrix">
    <rows>20</rows>
    <cols>1</cols>
    <dt>"2i"</dt>
    <data>
      2 538 31 527 61 516 90 505 120 494 149 483 179 472 208 461 238 450
      268 439 297 428 327 417 356 406 386 395 415 384 445 373 474 362
      504 351 533 340 563 329</data></Position></Frame00004Target00000>
<Frame00004Target00001>
  <Type>"白色实线"</Type>
  <Position type_id="opencv-matrix">
    <rows>20</rows>
    <cols>1</cols>
    <dt>"2i"</dt>
    <data>
      27 1024 58 989 89 954 120 919 151 884 182 849 214 814 245 779 276
      744 307 709 338 674 369 639 400 604 431 569 462 534 493 499 524
      464 555 429 586 394 618 359</data></Position></Frame00004Target00001>
<Frame00004Target00002>
  <Type>"白色虚线"</Type>
  <Position type_id="opencv-matrix">
    <rows>20</rows>
    <cols>1</cols>
    <dt>"2i"</dt>
    <data>
      1279 870 1250 842 1221 814 1192 786 1164 758 1135 730 1106 702
      1077 674 1048 646 1020 618 991 590 962 562 933 534 904 506 876 478
      847 450 818 422 789 394 760 366 732 338</data></Position></Frame00004Target00002>
