<?xml version="1.0" encoding="zh_CN.UTF-8"?>
<opencv_storage>
<Frame00000TargetNumber>4.</Frame00000TargetNumber>
<Frame00000Target00000>
  <Type>"白色实线"</Type>
  <Position type_id="opencv-matrix">
    <rows>20</rows>
    <cols>1</cols>
    <dt>"2i"</dt>
    <data>
      1 525 29 515 56 505 83 495 111 485 138 475 165 465 193 455 220 445
      247 435 275 425 302 415 329 405 357 395 384 385 411 375 439 365
      466 355 493 345 521 335</data></Position></Frame00000Target00000>
<Frame00000Target00001>
  <Type>"白色虚线"</Type>
  <Position type_id="opencv-matrix">
    <rows>20</rows>
    <cols>1</cols>
    <dt>"2i"</dt>
    <data>
      0 911 33 881 65 851 97 821 130 791 162 761 194 731 227 701 259 671
      291 641 324 611 356 581 388 551 421 521 453 491 485 461 518 431
      550 401 583 371 615 341</data></Position></Frame00000Target00001>
<Frame00000Target00002>
  <Type>"白色实线"</Type>
  <Position type_id="opencv-matrix">
    <rows>20</rows>
    <cols>1</cols>
    <dt>"2i"</dt>
    <data>
      1279 987 1249 954 1220 921 1190 888 1161 855 1131 822 1101 789
      1072 756 1042 723 1012 690 983 657 953 624 923 591 894 558 864 525
      834 492 805 459 775 426 746 393 716 360</data></Position></Frame00000Target00002>
<Frame00000Target00003>
  <Type>"白色虚线"</Type>
  <Position type_id="opencv-matrix">
    <rows>20</rows>
    <cols>1</cols>
    <dt>"2i"</dt>
    <data>
      1277 501 1251 492 1225 483 1200 474 1174 465 1148 456 1122 447
      1096 438 1070 429 1044 420 1018 411 992 402 966 393 941 384 915
      375 889 366 863 357 837 348 811 339 785 330</data></Position></Frame00000Target00003>
<Frame00001TargetNumber>4.</Frame00001TargetNumber>
<Frame00001Target00000>
  <Type>"白色虚线"</Type>
  <Position type_id="opencv-matrix">
    <rows>20</rows>
    <cols>1</cols>
    <dt>"2i"</dt>
    <data>
      1 559 29 547 57 535 86 523 114 511 142 499 170 487 198 475 227 463
      255 451 283 439 311 427 339 415 367 403 396 391 424 379 452 367
      480 355 508 343 536 331</data></Position></Frame00001Target00000>
<Frame00001Target00001>
  <Type>"白色虚线"</Type>
  <Position type_id="opencv-matrix">
    <rows>20</rows>
    <cols>1</cols>
    <dt>"2i"</dt>
    <data>
      0 922 31 892 63 862 95 832 126 802 158 772 189 742 221 712 253 682
      284 652 316 622 348 592 379 562 411 532 443 502 474 472 506 442
      538 412 569 382 601 352</data></Position></Frame00001Target00001>
<Frame00001Target00002>
  <Type>"白色虚线"</Type>
  <Position type_id="opencv-matrix">
    <rows>20</rows>
    <cols>1</cols>
    <dt>"2i"</dt>
    <data>
      1274 1024 1245 989 1216 954 1188 919 1159 884 1130 849 1101 814
      1073 779 1044 744 1015 709 986 674 958 639 929 604 900 569 871 534
      842 499 814 464 785 429 756 394 727 359</data></Position></Frame00001Target00002>
<Frame00001Target00003>
  <Type>"白色虚线"</Type>
  <Position type_id="opencv-matrix">
    <rows>20</rows>
    <cols>1</cols>
    <dt>"2i"</dt>
    <data>
      1278 485 1253 477 1227 469 1202 461 1177 453 1152 445 1127 437
      1102 429 1077 421 1052 413 1027 405 1002 397 976 389 951 381 926
      373 901 365 876 357 851 349 826 341 801 333</data></Position></Frame00001Target00003>
<Frame00002TargetNumber>4.</Frame00002TargetNumber>
<Frame00002Target00000>
  <Type>"白色实线"</Type>
  <Position type_id="opencv-matrix">
    <rows>20</rows>
    <cols>1</cols>
    <dt>"2i"</dt>
    <data>
      2 526 29 516 56 506 84 496 111 486 139 476 166 466 193 456 221 446
      248 436 276 426 303 416 331 406 358 396 385 386 413 376 440 366
      468 356 495 346 522 336</data></Position></Frame00002Target00000>
<Frame00002Target00001>
  <Type>"白色虚线"</Type>
  <Position type_id="opencv-matrix">
    <rows>20</rows>
    <cols>1</cols>
    <dt>"2i"</dt>
    <data>
      0 948 32 916 64 884 96 852 128 820 160 788 192 756 224 724 256 692
      288 660 320 628 352 596 384 564 416 532 448 500 480 468 512 436
      544 404 576 372 608 340</data></Position></Frame00002Target00001>
<Frame00002Target00002>
  <Type>"白色虚线"</Type>
  <Position type_id="opencv-matrix">
    <rows>20</rows>
    <cols>1</cols>
    <dt>"2i"</dt>
    <data>
      1279 1003 1250 969 1220 935 1191 901 1162 867 1132 833 1103 799
      1074 765 1044 731 1015 697 986 663 957 629 927 595 898 561 869 527
      839 493 810 459 781 425 751 391 722 357</data></Position></Frame00002Target00002>
<Frame00002Target00003>
  <Type>"白色虚线"</Type>
  <Position type_id="opencv-matrix">
    <rows>20</rows>
    <cols>1</cols>
    <dt>"2i"</dt>
    <data>
      1277 498 1250 489 1222 480 1195 471 1168 462 1140 453 1113 444
      1085 435 1058 426 1031 417 1003 408 976 399 949 390 921 381 894
      372 866 363 839 354 812 345 784 336 757 327</data></Position></Frame00002Target00003>
<Frame00003TargetNumber>4.</Frame00003TargetNumber>
<Frame00003Target00000>
  <Type>"白色实线"</Type>
  <Position type_id="opencv-matrix">
    <rows>20</rows>
    <cols>1</cols>
    <dt>"2i"</dt>
    <data>
      2 526 30 516 57 506 84 496 112 486 139 476 166 466 194 456 221 446
      248 436 276 426 303 416 331 406 358 396 385 386 413 376 440 366
      467 356 495 346 522 336</data></Position></Frame00003Target00000>
<Frame00003Target00001>
  <Type>"白色虚线"</Type>
  <Position type_id="opencv-matrix">
    <rows>20</rows>
    <cols>1</cols>
    <dt>"2i"</dt>
    <data>
      0 929 32 898 64 867 97 836 129 805 161 774 193 743 225 712 258 681
      290 650 322 619 354 588 386 557 419 526 451 495 483 464 515 433
      547 402 580 371 612 340</data></Position></Frame00003Target00001>
<Frame00003Target00002>
  <Type>"白色虚线"</Type>
  <Position type_id="opencv-matrix">
    <rows>20</rows>
    <cols>1</cols>
    <dt>"2i"</dt>
    <data>
      1279 975 1249 942 1219 909 1189 876 1159 843 1129 810 1099 777
      1069 744 1039 711 1009 678 979 645 950 612 920 579 890 546 860 513
      830 480 800 447 770 414 740 381 710 348</data></Position></Frame00003Target00002>
<Frame00003Target00003>
  <Type>"白色虚线"</Type>
  <Position type_id="opencv-matrix">
    <rows>20</rows>
    <cols>1</cols>
    <dt>"2i"</dt>
    <data>
      1279 504 1253 495 1227 486 1201 477 1175 468 1149 459 1123 450
      1097 441 1071 432 1045 423 1018 414 992 405 966 396 940 387 914
      378 888 369 862 360 836 351 810 342 784 333</data></Position></Frame00003Target00003>
<Frame00004TargetNumber>4.</Frame00004TargetNumber>
<Frame00004Target00000>
  <Type>"白色虚线"</Type>
  <Position type_id="opencv-matrix">
    <rows>20</rows>
    <cols>1</cols>
    <dt>"2i"</dt>
    <data>
      1 611 30 596 59 581 89 566 118 551 147 536 177 521 206 506 235 491
      265 476 294 461 323 446 353 431 382 416 412 401 441 386 470 371
      500 356 529 341 558 326</data></Position></Frame00004Target00000>
<Frame00004Target00001>
  <Type>"白色虚线"</Type>
  <Position type_id="opencv-matrix">
    <rows>20</rows>
    <cols>1</cols>
    <dt>"2i"</dt>
    <data>
      0 935 32 904 64 873 96 842 128 811 159 780 191 749 223 718 255 687
      287 656 319 625 351 594 383 563 415 532 447 501 479 470 511 439
      543 408 574 377 606 346</data></Position></Frame00004Target00001>
<Frame00004Target00002>
  <Type>"白色虚线"</Type>
  <Position type_id="opencv-matrix">
    <rows>20</rows>
    <cols>1</cols>
    <dt>"2i"</dt>
    <data>
      1279 1002 1250 968 1220 934 1191 900 1161 866 1132 832 1102 798
      1073 764 1044 730 1014 696 985 662 955 628 926 594 896 560 867 526
      838 492 808 458 779 424 749 390 720 356</data></Position></Frame00004Target00002>
