<?xml version="1.0" encoding="zh_CN.UTF-8"?>
<opencv_storage>
<Frame00000TargetNumber>4.</Frame00000TargetNumber>
<Frame00000Target00000>
  <Type>"白色虚线"</Type>
  <Position type_id="opencv-matrix">
    <rows>20</rows>
    <cols>1</cols>
    <dt>"2i"</dt>
    <data>
      3 505 30 496 58 487 86 478 114 469 142 460 170 451 197 442 225 433
      253 424 281 415 309 406 336 397 364 388 392 379 420 370 448 361
      476 352 503 343 531 334</data></Position></Frame00000Target00000>
<Frame00000Target00001>
  <Type>"白色实线"</Type>
  <Position type_id="opencv-matrix">
    <rows>20</rows>
    <cols>1</cols>
    <dt>"2i"</dt>
    <data>
      0 982 33 949 66 916 98 883 131 850 163 817 196 784 228 751 261 718
      294 685 326 652 359 619 391 586 424 553 456 520 489 487 522 454
      554 421 587 388 619 355</data></Position></Frame00000Target00001>
<Frame00000Target00002>
  <Type>"白色实线"</Type>
  <Position type_id="opencv-matrix">
    <rows>20</rows>
    <cols>1</cols>
    <dt>"2i"</dt>
    <data>
      1279 914 1251 884 1222 854 1194 824 1165 794 1137 764 1108 734
      1080 704 1051 674 1023 644 994 614 966 584 937 554 909 524 880 494
      852 464 823 434 795 404 766 374 737 344</data></Position></Frame00000Target00002>
<Frame00000Target00003>
  <Type>"白色实线"</Type>
  <Position type_id="opencv-matrix">
    <rows>20</rows>
    <cols>1</cols>
    <dt>"2i"</dt>
    <data>
      1277 488 1250 479 1224 470 1197 461 1170 452 1144 443 1117 434
      1091 425 1064 416 1037 407 1011 398 984 389 958 380 931 371 904
      362 878 353 851 344 824 335 798 326 771 317</data></Position></Frame00000Target00003>
<Frame00001TargetNumber>4.</Frame00001TargetNumber>
<Frame00001Target00000>
  <Type>"白色虚线"</Type>
  <Position type_id="opencv-matrix">
    <rows>20</rows>
    <cols>1</cols>
    <dt>"2i"</dt>
    <data>
      1 513 30 503 59 493 88 483 118 473 147 463 176 453 205 443 234 433
      263 423 292 413 322 403 351 393 380 383 409 373 438 363 467 353
      496 343 526 333 555 323</data></Position></Frame00001Target00000>
<Frame00001Target00001>
  <Type>"白色虚线"</Type>
  <Position type_id="opencv-matrix">
    <rows>20</rows>
    <cols>1</cols>
    <dt>"2i"</dt>
    <data>
      0 901 33 872 65 843 98 814 130 785 163 756 195 727 228 698 260 669
      293 640 325 611 358 582 390 553 423 524 455 495 488 466 520 437
      553 408 585 379 618 350</data></Position></Frame00001Target00001>
<Frame00001Target00002>
  <Type>"白色实线"</Type>
  <Position type_id="opencv-matrix">
    <rows>20</rows>
    <cols>1</cols>
    <dt>"2i"</dt>
    <data>
      1279 915 1251 885 1222 855 1194 825 1166 795 1137 765 1109 735
      1080 705 1052 675 1023 645 995 615 967 585 938 555 910 525 881 495
      853 465 824 435 796 405 768 375 739 345</data></Position></Frame00001Target00002>
<Frame00001Target00003>
  <Type>"白色实线"</Type>
  <Position type_id="opencv-matrix">
    <rows>20</rows>
    <cols>1</cols>
    <dt>"2i"</dt>
    <data>
      1279 459 1254 452 1230 445 1206 438 1182 431 1158 424 1134 417
      1110 410 1085 403 1061 396 1037 389 1013 382 989 375 965 368 941
      361 916 354 892 347 868 340 844 333 820 326</data></Position></Frame00001Target00003>
<Frame00002TargetNumber>4.</Frame00002TargetNumber>
<Frame00002Target00000>
  <Type>"白色虚线"</Type>
  <Position type_id="opencv-matrix">
    <rows>20</rows>
    <cols>1</cols>
    <dt>"2i"</dt>
    <data>
      1 513 32 503 62 493 93 483 123 473 153 463 184 453 214 443 245 433
      275 423 305 413 336 403 366 393 397 383 427 373 457 363 488 353
      518 343 549 333 579 323</data></Position></Frame00002Target00000>
<Frame00002Target00001>
  <Type>"白色实线"</Type>
  <Position type_id="opencv-matrix">
    <rows>20</rows>
    <cols>1</cols>
    <dt>"2i"</dt>
    <data>
      0 800 30 776 60 752 89 728 119 704 148 680 178 656 208 632 237 608
      267 584 297 560 326 536 356 512 386 488 415 464 445 440 474 416
      504 392 534 368 563 344</data></Position></Frame00002Target00001>
<Frame00002Target00002>
  <Type>"白色实线"</Type>
  <Position type_id="opencv-matrix">
    <rows>20</rows>
    <cols>1</cols>
    <dt>"2i"</dt>
    <data>
      1279 942 1251 911 1222 880 1194 849 1166 818 1138 787 1110 756
      1081 725 1053 694 1025 663 997 632 969 601 940 570 912 539 884 508
      856 477 828 446 799 415 771 384 743 353</data></Position></Frame00002Target00002>
<Frame00002Target00003>
  <Type>"白色实线"</Type>
  <Position type_id="opencv-matrix">
    <rows>20</rows>
    <cols>1</cols>
    <dt>"2i"</dt>
    <data>
      1278 492 1252 483 1225 474 1199 465 1172 456 1146 447 1120 438
      1093 429 1067 420 1040 411 1014 402 987 393 961 384 934 375 908
      366 881 357 855 348 828 339 802 330 775 321</data></Position></Frame00002Target00003>
<Frame00003TargetNumber>4.</Frame00003TargetNumber>
<Frame00003Target00000>
  <Type>"白色虚线"</Type>
  <Position type_id="opencv-matrix">
    <rows>20</rows>
    <cols>1</cols>
    <dt>"2i"</dt>
    <data>
      3 434 28 428 54 422 79 416 105 410 130 404 156 398 181 392 207 386
      232 380 258 374 283 368 309 362 334 356 360 350 385 344 411 338
      436 332 462 326 487 320</data></Position></Frame00003Target00000>
<Frame00003Target00001>
  <Type>"白色虚线"</Type>
  <Position type_id="opencv-matrix">
    <rows>20</rows>
    <cols>1</cols>
    <dt>"2i"</dt>
    <data>
      0 862 31 835 62 808 92 781 123 754 154 727 185 700 216 673 247 646
      278 619 308 592 339 565 370 538 401 511 432 484 463 457 493 430
      524 403 555 376 586 349</data></Position></Frame00003Target00001>
<Frame00003Target00002>
  <Type>"白色实线"</Type>
  <Position type_id="opencv-matrix">
    <rows>20</rows>
    <cols>1</cols>
    <dt>"2i"</dt>
    <data>
      1279 888 1250 859 1221 830 1192 801 1163 772 1134 743 1105 714
      1076 685 1047 656 1018 627 989 598 960 569 931 540 902 511 873 482
      844 453 815 424 786 395 757 366 728 337</data></Position></Frame00003Target00002>
<Frame00003Target00003>
  <Type>"白色实线"</Type>
  <Position type_id="opencv-matrix">
    <rows>20</rows>
    <cols>1</cols>
    <dt>"2i"</dt>
    <data>
      1279 459 1255 452 1231 445 1207 438 1183 431 1159 424 1135 417
      1111 410 1087 403 1062 396 1038 389 1014 382 990 375 966 368 942
      361 918 354 894 347 870 340 846 333 822 326</data></Position></Frame00003Target00003>
<Frame00004TargetNumber>4.</Frame00004TargetNumber>
<Frame00004Target00000>
  <Type>"白色虚线"</Type>
  <Position type_id="opencv-matrix">
    <rows>20</rows>
    <cols>1</cols>
    <dt>"2i"</dt>
    <data>
      0 420 23 415 46 410 69 405 92 400 115 395 138 390 161 385 184 380
      207 375 230 370 253 365 276 360 300 355 323 350 346 345 369 340
      392 335 415 330 438 325</data></Position></Frame00004Target00000>
<Frame00004Target00001>
  <Type>"白色实线"</Type>
  <Position type_id="opencv-matrix">
    <rows>20</rows>
    <cols>1</cols>
    <dt>"2i"</dt>
    <data>
      0 784 32 761 64 738 95 715 127 692 158 669 190 646 221 623 253 600
      285 577 316 554 348 531 379 508 411 485 442 462 474 439 506 416
      537 393 569 370 600 347</data></Position></Frame00004Target00001>
<Frame00004Target00002>
  <Type>"白色实线"</Type>
  <Position type_id="opencv-matrix">
    <rows>20</rows>
    <cols>1</cols>
    <dt>"2i"</dt>
    <data>
      0 994 33 960 65 926 98 892 131 858 163 824 196 790 228 756 261 722
      294 688 326 654 359 620 391 586 424 552 457 518 489 484 522 450
      554 416 587 382 619 348</data></Position></Frame00004Target00002>
<Frame00004Target00003>
  <Type>"白色实线"</Type>
  <Position type_id="opencv-matrix">
    <rows>20</rows>
    <cols>1</cols>
    <dt>"2i"</dt>
    <data>
      1279 899 1251 870 1222 841 1194 812 1165 783 1137 754 1108 725
      1080 696 1051 667 1022 638 994 609 965 580 937 551 908 522 880 493
      851 464 823 435 794 406 766 377 737 348</data></Position></Frame00004Target00003>
